n 947
9.266e-11
1.0765e-10
4.63257e-11
1.01155e-09
1.1917e-10
4.10748e-10
4.12786e-10
0.000136791
0.000136791
0.000136789
0.000136791
0.000136791
0.000136791
9.02278e-11
0.000136791
6.67052e-11
5.76273e-11
0.000136791
3.47679e-11
6.96816e-11
1.00743e-10
7.5818e-11
0.000136791
0.0323333
7.87331e-11
8.36854e-10
0.000136791
2.01369e-10
0.000136791
0.000136791
5.32412e-11
6.17832e-11
0.000136791
0.000136791
1.94595e-10
3.06868e-10
0.000136791
0.000136791
3.9465e-11
0.000136791
0.000136791
7.80189e-11
0.000136791
9.89673e-05
1.2294e-10
1.75975e-10
0.000136791
0.000136791
0.000136791
0.000136791
2.3483e-10
0.000136791
0.000136791
0.000136791
0.000136791
0.000136791
0.0707641
0.000136791
8.79758e-11
0.000136791
0.0220367
1.19327e-09
3.37325e-10
0.000136791
0.000136791
4.27195e-11
0.000136792
7.44567e-11
0.000136784
4.80952e-10
0.000136791
4.02157e-11
3.55955e-10
0.0658775
1.77225e-10
7.24377e-11
0.000136791
1.87535e-10
4.5005e-11
0.000136791
0.000136791
2.24581e-10
3.03436e-09
0.000136791
0.000136791
0.000136792
9.02109e-11
8.51141e-11
0.00013676
5.28363e-11
6.21838e-11
1.79395e-10
0.000136791
2.55322e-10
0.000136791
5.13809e-10
0.000136792
0.00013679
0.000136791
0.000136791
6.63928e-10
0.000136789
2.48072e-10
0.000136791
0.000136791
0.000136791
0.000136791
3.25649e-11
6.79127e-11
2.76672e-11
0.000136792
6.03127e-11
0.000136791
1.01472e-10
0.000136791
2.8215e-09
0.000136788
0.00013679
2.03858e-10
7.03941e-11
0.000136791
1.59648e-10
0.000136791
0.000136791
9.49683e-11
1.13883e-10
0.000136791
0.000136791
0.000136791
2.73659e-10
7.46188e-11
0.000136791
0.000136791
2.30501e-10
1.52635e-10
0.000136791
4.4886e-11
0.000136791
0.000136791
9.96037e-11
0.00013679
0.000136791
0.000136791
0.000136791
0.000136791
5.04859e-10
1.16899e-10
8.92361e-10
0.000136746
6.66489e-11
0.000683734
9.97859e-10
6.59779e-11
2.90666e-10
0.000136791
4.21372e-11
8.81091e-11
0.000136791
6.23855e-11
0.000136791
8.48855e-11
0.000136791
7.35295e-11
0.000136791
2.14758e-10
1.53512e-10
0.000136791
0.00459873
7.57049e-11
5.36682e-11
0.00178073
2.0381e-10
6.97918e-11
0.000136791
4.69537e-09
1.87717e-10
0.000136791
7.26897e-11
1.22134e-10
1.27221e-10
1.67429e-10
0.000136791
0.000136791
5.91795e-11
3.43993e-11
5.75712e-11
2.57282e-11
0.0390837
1.88569e-10
1.34603e-10
0.000136789
0.000136791
0.000136791
3.52952e-11
0.000136787
3.28143e-10
0.000136791
0.000136791
1.49273e-10
6.00358e-11
2.27159e-09
8.14566e-11
7.84446e-11
0.000136792
0.000136791
0.000136791
8.02733e-11
1.31826e-10
1.10389e-10
0.00914345
1.53856e-09
4.56302e-11
1.32429e-10
6.13637e-11
6.03923e-10
9.98674e-10
2.2557e-10
6.26893e-11
4.76227e-10
0.000136791
1.15653e-10
1.33951e-09
0.000136791
0.000136791
3.92833e-11
5.23524e-11
5.32796e-11
0.000136791
0.000136791
2.68538e-11
0.000136791
6.118e-11
6.18606e-10
6.78016e-11
9.23913e-11
8.53957e-11
7.42647e-11
1.1667e-10
0.000136791
0.000136791
5.9629e-10
0.000136791
6.0429e-11
0.000136791
4.72177e-11
0.000136791
2.23807e-10
0.000136791
5.48131e-11
7.8783e-11
6.67874e-11
6.92875e-11
0.000136791
1.46189e-10
0.000136791
0.000136788
0.000136791
0.000136791
3.37947e-10
2.05708e-10
0.000136791
0.000136791
2.62735e-11
0.000136791
3.79222e-11
0.000136791
1.25042e-10
2.50228e-10
7.62981e-11
0.000136791
1.32289e-10
8.7754e-11
8.54339e-11
7.93417e-11
1.18425e-10
0.000136791
4.48848e-09
0.000136792
0.000136791
0.00013679
0.000136791
6.45696e-11
7.4347e-11
8.74816e-11
0.000136791
5.45838e-11
2.09631e-10
0.000136791
6.01173e-11
9.65856e-10
1.33739e-10
0.000136791
0.000136791
0.000136791
0.000136791
6.4476e-11
0.0190695
0.00013679
4.22516e-11
3.08583e-09
5.43832e-11
4.54459e-11
4.16253e-11
0.000136791
1.70724e-10
4.02381e-10
0.000136791
0.000136791
0.000136791
1.83359e-10
7.01664e-11
0.000136791
5.31201e-11
0.000136791
3.61398e-11
5.56844e-11
0.000136791
1.67085e-06
3.96379e-11
1.22305e-10
0.000136791
0.000136791
0.000136791
0.000136791
0.000136791
0.000136791
0.000136791
0.000136791
0.000136791
0.000136791
4.13029e-10
0.000136791
0.000136789
0.000136791
8.3989e-11
0.000136791
6.79048e-11
0.000136789
0.000136791
0.000136791
8.35884e-11
0.000136791
1.13311e-10
1.99602e-10
2.0003e-10
9.00308e-11
2.93385e-11
0.000136791
0.000136789
0.000136791
9.42891e-11
4.904e-10
0.000136791
1.65889e-10
9.25849e-11
3.0962e-10
5.14987e-11
4.35631e-11
8.15939e-11
6.52528e-11
0.000136791
0.000136791
7.76216e-11
0.000136791
0.000136771
1.31784e-10
4.68438e-11
2.46352e-10
2.30813e-11
0.000136791
1.42382e-10
1.21892e-10
4.19903e-10
1.53251e-10
1.03167e-10
0.000136791
6.21297e-11
0.000136791
0.00013679
0.000136791
0.000136791
6.85069e-11
4.15599e-11
0.000136791
1.32626e-10
1.48952e-10
3.19861e-11
0.000136791
0.000136791
1.34246e-10
3.36878e-11
8.2371e-11
0.000136791
0.000136791
1.16732e-10
7.09136e-11
0.000136791
1.39191e-10
0.000136791
0.00013679
7.77024e-11
4.87366e-11
9.98285e-11
4.31368e-11
0.000136791
0.000136791
6.9126e-11
5.34465e-11
0.000136791
6.01367e-10
0.000136791
0.000136791
0.000136791
0.000136791
0.00013679
0.000136791
0.000136791
0.000136791
3.93538e-11
0.000136791
4.04263e-11
1.97649e-10
3.00867e-11
4.48492e-11
7.50192e-11
9.1753e-11
0.000136791
7.4114e-11
6.20422e-11
0.000136791
0.000136791
2.48078e-10
0.000136791
7.28595e-11
4.58779e-11
4.71146e-11
0.000136791
1.35672e-09
0.000136791
4.04051e-11
6.43669e-11
1.04321e-10
1.27611e-10
0.000136791
1.19281e-10
2.67263e-10
0.000136791
0.000136791
6.14456e-11
0.000136791
0.000136791
0.000136791
0.000136791
0.000136791
0.00013679
0.000136791
6.81631e-11
0.000136791
1.18099e-10
0.000136791
0.000136791
5.0371e-10
0.000136791
4.13525e-11
0.000136781
6.50029e-10
0.000136791
4.4149e-11
0.000136791
5.80011e-11
0.000136791
7.1905e-11
1.68854e-10
0.000136791
0.000136791
4.48228e-11
0.000136791
5.75076e-11
2.05761e-10
0.000136791
4.07408e-11
0.000136791
4.95899e-11
5.87285e-11
0.000136791
1.0112e-10
0.00234248
6.80815e-11
0.00013679
0.000136791
0.00013679
9.78957e-11
5.90354e-11
0.000136791
2.60685e-10
6.66837e-11
0.000136791
0.000136791
7.27752e-10
0.000136791
0.000136791
0.000136791
0.00013679
2.45825e-11
4.05453e-11
4.86082e-11
0.000136791
4.05848e-11
0.000136791
0.000136791
2.63883e-10
0.000136791
6.70828e-11
0.000136791
7.94217e-11
1.58827e-10
1.45625e-10
8.72716e-11
0.000136791
0.000136791
0.000136791
6.69483e-11
4.95358e-11
1.07348e-10
0.000136791
2.61055e-10
0.000136789
8.9965e-11
0.000136791
9.95462e-11
0.000136791
7.73082e-11
1.60881e-10
1.10976e-10
3.45426e-10
0.000136791
0.000136791
1.64128e-10
0.000136791
2.54793e-11
5.52005e-11
3.09068e-11
1.60368e-10
0.000136791
0.000136791
4.07673e-10
0.00013679
1.04536e-10
0.000136791
1.11598e-10
1.82091e-10
0.000136791
0.000136791
0.000136791
0.00013679
0.000136791
4.02146e-11
1.34534e-10
0.000136791
0.000136791
0.000136791
4.43526e-10
2.80041e-09
5.14698e-11
0.000136791
0.0366918
3.71317e-11
3.86122e-10
1.66296e-10
3.45138e-11
0.000136791
0.000136791
0.000136791
4.53779e-10
0.000136791
0.000136791
1.63105e-10
0.000136791
0.00013679
6.45883e-11
2.7704e-09
1.1855e-10
0.000136789
1.46311e-10
0.000136791
4.43678e-11
0.000136791
0.000136791
3.12101e-11
0.000136791
7.92265e-11
8.16486e-11
1.37953e-10
0.000136791
5.13305e-11
1.6671e-10
0.000136791
4.78423e-11
0.00013679
0.000136791
1.14446e-10
0.000136791
1.6414e-10
5.47939e-11
7.38546e-11
0.000136791
1.11087e-10
0.000136791
0.000136791
4.39533e-11
3.44427e-11
6.61869e-11
9.31741e-11
8.63512e-11
0.000136681
0.000136791
2.07083e-10
0.000136791
7.92208e-11
4.13115e-11
0.000136791
5.5265e-11
0.000136791
0.000136799
0.000136791
6.13359e-11
5.0552e-11
0.000136789
7.34135e-11
0.000136788
2.03887e-10
0.000136791
2.34799e-10
0.000136791
3.66214e-11
0.00013679
8.17537e-11
0.000136791
5.61809e-11
0.00013679
4.50305e-11
4.98155e-11
8.2465e-11
2.98024e-10
0.000136791
3.48317e-11
0.00707611
5.02759e-11
0.0774624
0.000136791
2.94476e-11
0.000136791
4.47942e-10
1.47507e-10
4.00056e-11
4.4473e-11
0.000136791
0.0215415
0.000136791
0.000136791
1.46e-10
1.64207e-09
0.000136791
0.00013679
9.87891e-11
0.000136791
0.000136791
0.00428571
0.000136791
3.6905e-11
4.66335e-11
7.99784e-11
0.000136791
0.000136791
6.02583e-11
2.02836e-10
0.000136791
1.03011e-10
0.000136791
1.89693e-10
0.0111248
0.000233778
6.2401e-11
3.7677e-11
0.0103784
0.000136791
0.000136791
1.58446e-10
4.41578e-11
9.9478e-11
0.000136791
0.000136791
4.50498e-11
0.000136791
1.63246e-10
3.456e-11
3.16789e-10
1.18606e-10
5.18517e-11
0.000136791
9.44513e-11
0.000136791
5.87546e-11
1.26987e-10
9.36092e-11
1.39941e-10
1.86923e-10
0.000136791
1.02057e-10
0.000136791
0.000136791
7.46881e-11
0.000136793
0.000136791
0.000136791
7.89427e-11
3.79773e-10
5.59805e-11
0.000136792
0.000136791
0.000136791
0.000136791
0.000136791
0.000136791
1.55881e-10
5.87342e-11
0.000136791
0.000136791
0.000136791
0.000136791
9.56516e-11
0.000136791
1.86952e-10
4.23952e-11
2.6646e-10
4.32793e-11
0.000136791
0.0175993
2.26273e-10
0.000136791
0.000136791
0.000136791
7.75938e-11
2.5375e-10
0.000136791
1.30363e-10
4.8054e-11
0.000136791
8.3879e-11
2.02033e-10
0.000136791
5.65886e-10
1.02718e-10
0.000136791
0.000136791
0.000136791
0.000136791
0.000136791
0.00013679
0.000136791
0.000136791
0.000136791
0.000136791
0.000136791
0.000136791
2.0087e-09
0.0023081
2.50727e-11
0.000136791
0.000136791
0.000136791
4.825e-11
0.000136791
1.16287e-10
1.37666e-10
0.000136791
5.33717e-11
0.000136791
1.25114e-10
5.92665e-11
0.000136791
0.000136791
6.67288e-11
4.41472e-09
2.66832e-11
1.27643e-10
0.000553457
0.000136791
1.20432e-10
0.000136791
0.000136791
1.08156e-10
0.000136791
5.96887e-11
0.0212205
0.000136791
5.07965e-11
5.70132e-11
1.42236e-09
0.000136791
1.76676e-11
3.42904e-11
4.25763e-10
3.06141e-11
1.13581e-10
1.42988e-10
1.56172e-09
0.000136791
0.000136792
0.000136791
7.06639e-11
4.9826e-10
3.9866e-11
0.000136791
0.34883
7.42617e-11
2.69163e-10
0.000136791
4.70215e-11
0.000136791
1.6372e-10
0.000136789
7.39141e-11
7.58293e-11
2.08138e-10
2.74672e-11
0.000136791
0.000136791
0.000136791
8.12689e-11
0.0228003
1.76487e-10
0.000136791
6.17634e-10
0.00013679
1.53393e-10
6.60112e-11
0.000136791
1.822e-10
4.5819e-11
1.50308e-09
0.000136791
5.59058e-11
3.52492e-10
0.000136791
0.000136791
1.31456e-10
0.000136791
0.000136791
1.7027e-10
1.03663e-10
3.45031e-11
7.84457e-11
8.25274e-11
9.18875e-11
0.0028681
0.0415587
9.63246e-11
0.000136791
7.18142e-11
0.000136791
0.000136791
0.000136791
1.59754e-10
0.000136791
5.82323e-11
0.000136791
1.71386e-10
3.58263e-11
2.61599e-10
3.13451e-11
1.03602e-10
0.000136791
0.000136791
0.000136791
8.2071e-11
2.06069e-10
2.59185e-10
1.42445e-10
0.000136791
0.000136791
1.67761e-10
0.000136791
0.000136791
1.44276e-10
0.000136791
0.000136791
9.46266e-11
8.14914e-10
6.40677e-11
0.000136791
0.000136791
0.00013679
0.000136791
1.0433e-10
8.34398e-11
0.000136791
0.000136791
2.05649e-10
0.00013679
1.5364e-10
0.000136791
6.88715e-10
1.32919e-10
5.4405e-11
3.8273e-11
2.57054e-10
0.000136791
0.000136791
0.000136791
0.000136791
0.000136791
3.24349e-11
0.000136789
0.00013679
7.09527e-11
0.000136791
5.86728e-11
1.84502e-10
3.62106e-11
5.92334e-11
1.21911e-10
5.37181e-11
0.0406932
0.000136791
1.93445e-11
0.00656217
3.7689e-11
0.000136791
0.000136791
4.78727e-11
8.38224e-11
2.28247e-11
9.33574e-11
3.06197e-11
0.000136791
4.41123e-11
2.8524e-10
0.000136791
1.25992e-10
6.03528e-11
2.91396e-11
1.14105e-10
0.000136791
6.81489e-11
0.000136791
0.00135493
