-> assets
  947 assets
-> factors
  10 factors
-> asset_returns
-> asset_upper_bounds
-> asset_residual_variances
-> Vtranspose
-> F
numassets: 947; numfactors: 10; lambda: 30; gamma: 0.1; Gamma: 0.4
running solver engine
Warning for adding constraints: zero or small (< 1e-13) coefficients, ignored
0 957 rho 1
1 958 p0 -0.000398595
2 959 q0 0.000398595
3 960 s0 0.1
4 961 p1 -0.000365953
5 962 q1 0.000365953
6 963 s1 0.1
7 964 p2 -0.00414531
8 965 q2 0.00414531
9 966 s2 0.1
10 967 p3 0.000328114
11 968 q3 -0.000328114
12 969 s3 0.1
13 970 p4 -0.000280246
14 971 q4 0.000280246
15 972 s4 0.1
16 973 p5 0.000476763
17 974 q5 -0.000476763
18 975 s5 0.1
19 976 p6 0.000548489
20 977 q6 -0.000548489
21 978 s6 0.1
22 979 p7 0.000795693
23 980 q7 -0.000795693
24 981 s7 0.1
25 982 p8 0.00066418
26 983 q8 -0.00066418
27 984 s8 0.1
28 985 p9 0.000379608
29 986 q9 -0.000379608
30 987 s9 0.1
31 988 p10 0.00170951
32 989 q10 -0.00170951
33 990 s10 0.1
34 991 p11 0.00171815
35 992 q11 -0.00171815
36 993 s11 0.1
37 994 p12 0.00103496
38 995 q12 -0.00103496
39 996 s12 0.1
40 997 p13 -9.98007e-05
41 998 q13 9.98007e-05
42 999 s13 0.1
43 1000 p14 0.000787165
44 1001 q14 -0.000787165
45 1002 s14 0.1
46 1003 p15 0.000217729
47 1004 q15 -0.000217729
48 1005 s15 0.1
49 1006 p16 -0.000574506
50 1007 q16 0.000574506
51 1008 s16 0.1
52 1009 p17 0.00110836
53 1010 q17 -0.00110836
54 1011 s17 0.1
55 1012 p18 -0.000434708
56 1013 q18 0.000434708
57 1014 s18 0.1
58 1015 p19 -3.77325e-05
59 1016 q19 3.77325e-05
60 1017 s19 0.1
61 1018 p20 -0.000305326
62 1019 q20 0.000305326
63 1020 s20 0.1
64 1021 p21 0.000216396
65 1022 q21 -0.000216396
66 1023 s21 0.1
67 1024 p22 0.00323727
68 1025 q22 -0.00323727
69 1026 s22 0.1
70 1027 p23 0.000920812
71 1028 q23 -0.000920812
72 1029 s23 0.1
73 1030 p24 0.000348395
74 1031 q24 -0.000348395
75 1032 s24 0.1
76 1033 p25 0.00049062
77 1034 q25 -0.00049062
78 1035 s25 0.1
79 1036 p26 0.000673134
80 1037 q26 -0.000673134
81 1038 s26 0.1
82 1039 p27 0.00043664
83 1040 q27 -0.00043664
84 1041 s27 0.1
85 1042 p28 0.00134189
86 1043 q28 -0.00134189
87 1044 s28 0.1
88 1045 p29 0.00179606
89 1046 q29 -0.00179606
90 1047 s29 0.1
91 1048 p30 7.87115e-06
92 1049 q30 -7.87115e-06
93 1050 s30 0.1
94 1051 p31 0.000144475
95 1052 q31 -0.000144475
96 1053 s31 0.1
97 1054 p32 0.000338368
98 1055 q32 -0.000338368
99 1056 s32 0.1
100 1057 p33 0.000889576
101 1058 q33 -0.000889576
102 1059 s33 0.1
103 1060 p34 0.000992731
104 1061 q34 -0.000992731
105 1062 s34 0.1
106 1063 p35 0.000471114
107 1064 q35 -0.000471114
108 1065 s35 0.1
109 1066 p36 0.00166797
110 1067 q36 -0.00166797
111 1068 s36 0.1
112 1069 p37 0.000431348
113 1070 q37 -0.000431348
114 1071 s37 0.1
115 1072 p38 -0.0017489
116 1073 q38 0.0017489
117 1074 s38 0.1
118 1075 p39 0.00093392
119 1076 q39 -0.00093392
120 1077 s39 0.1
121 1078 p40 0.00140975
122 1079 q40 -0.00140975
123 1080 s40 0.1
124 1081 p41 0.000231062
125 1082 q41 -0.000231062
126 1083 s41 0.1
127 1084 p42 0.000613505
128 1085 q42 -0.000613505
129 1086 s42 0.1
130 1087 p43 0.000104288
131 1088 q43 -0.000104288
132 1089 s43 0.1
133 1090 p44 7.46314e-05
134 1091 q44 -7.46314e-05
135 1092 s44 0.1
136 1093 p45 0.000185539
137 1094 q45 -0.000185539
138 1095 s45 0.1
139 1096 p46 0.00042962
140 1097 q46 -0.00042962
141 1098 s46 0.1
142 1099 p47 0.00152773
143 1100 q47 -0.00152773
144 1101 s47 0.1
145 1102 p48 0.00108297
146 1103 q48 -0.00108297
147 1104 s48 0.1
148 1105 p49 0.0012686
149 1106 q49 -0.0012686
150 1107 s49 0.1
151 1108 p50 0.000397846
152 1109 q50 -0.000397846
153 1110 s50 0.1
154 1111 p51 0.000683397
155 1112 q51 -0.000683397
156 1113 s51 0.1
157 1114 p52 0.00111215
158 1115 q52 -0.00111215
159 1116 s52 0.1
160 1117 p53 0.000623167
161 1118 q53 -0.000623167
162 1119 s53 0.1
163 1120 p54 0.00133292
164 1121 q54 -0.00133292
165 1122 s54 0.1
166 1123 p55 0.000689972
167 1124 q55 -0.000689972
168 1125 s55 0.1
169 1126 p56 0.00035739
170 1127 q56 -0.00035739
171 1128 s56 0.1
172 1129 p57 0.000680701
173 1130 q57 -0.000680701
174 1131 s57 0.1
175 1132 p58 -0.000374145
176 1133 q58 0.000374145
177 1134 s58 0.1
178 1135 p59 0.000644454
179 1136 q59 -0.000644454
180 1137 s59 0.1
181 1138 p60 0.00015773
182 1139 q60 -0.00015773
183 1140 s60 0.1
184 1141 p61 0.000515287
185 1142 q61 -0.000515287
186 1143 s61 0.1
187 1144 p62 5.57347e-06
188 1145 q62 -5.57347e-06
189 1146 s62 0.1
190 1147 p63 0.000529293
191 1148 q63 -0.000529293
192 1149 s63 0.1
193 1150 p64 0.000871254
194 1151 q64 -0.000871254
195 1152 s64 0.1
196 1153 p65 4.18892e-05
197 1154 q65 -4.18892e-05
198 1155 s65 0.1
199 1156 p66 0.000886
200 1157 q66 -0.000886
201 1158 s66 0.1
202 1159 p67 0.000159048
203 1160 q67 -0.000159048
204 1161 s67 0.1
205 1162 p68 0.000888466
206 1163 q68 -0.000888466
207 1164 s68 0.1
208 1165 p69 0.000464499
209 1166 q69 -0.000464499
210 1167 s69 0.1
211 1168 p70 0.00150843
212 1169 q70 -0.00150843
213 1170 s70 0.1
214 1171 p71 -0.000672989
215 1172 q71 0.000672989
216 1173 s71 0.1
217 1174 p72 0.000483508
218 1175 q72 -0.000483508
219 1176 s72 0.1
220 1177 p73 0.000361377
221 1178 q73 -0.000361377
222 1179 s73 0.1
223 1180 p74 0.00021444
224 1181 q74 -0.00021444
225 1182 s74 0.1
226 1183 p75 -0.00170554
227 1184 q75 0.00170554
228 1185 s75 0.1
229 1186 p76 0.00102835
230 1187 q76 -0.00102835
231 1188 s76 0.1
232 1189 p77 0.000335957
233 1190 q77 -0.000335957
234 1191 s77 0.1
235 1192 p78 -0.000991965
236 1193 q78 0.000991965
237 1194 s78 0.1
238 1195 p79 0.00106065
239 1196 q79 -0.00106065
240 1197 s79 0.1
241 1198 p80 0.000762628
242 1199 q80 -0.000762628
243 1200 s80 0.1
244 1201 p81 0.000339743
245 1202 q81 -0.000339743
246 1203 s81 0.1
247 1204 p82 0.000276442
248 1205 q82 -0.000276442
249 1206 s82 0.1
250 1207 p83 0.000665109
251 1208 q83 -0.000665109
252 1209 s83 0.1
253 1210 p84 0.000615618
254 1211 q84 -0.000615618
255 1212 s84 0.1
256 1213 p85 0.000422139
257 1214 q85 -0.000422139
258 1215 s85 0.1
259 1216 p86 -0.000131445
260 1217 q86 0.000131445
261 1218 s86 0.1
262 1219 p87 -0.000297502
263 1220 q87 0.000297502
264 1221 s87 0.1
265 1222 p88 0.000723279
266 1223 q88 -0.000723279
267 1224 s88 0.1
268 1225 p89 0.000180522
269 1226 q89 -0.000180522
270 1227 s89 0.1
271 1228 p90 -0.000730961
272 1229 q90 0.000730961
273 1230 s90 0.1
274 1231 p91 0.000242065
275 1232 q91 -0.000242065
276 1233 s91 0.1
277 1234 p92 0.000492912
278 1235 q92 -0.000492912
279 1236 s92 0.1
280 1237 p93 0.000346302
281 1238 q93 -0.000346302
282 1239 s93 0.1
283 1240 p94 0.000551696
284 1241 q94 -0.000551696
285 1242 s94 0.1
286 1243 p95 0.0004706
287 1244 q95 -0.0004706
288 1245 s95 0.1
289 1246 p96 0.000228645
290 1247 q96 -0.000228645
291 1248 s96 0.1
292 1249 p97 0.000805525
293 1250 q97 -0.000805525
294 1251 s97 0.1
295 1252 p98 0.000455951
296 1253 q98 -0.000455951
297 1254 s98 0.1
298 1255 p99 0.000863582
299 1256 q99 -0.000863582
300 1257 s99 0.1
301 1258 p100 0.00057255
302 1259 q100 -0.00057255
303 1260 s100 0.1
304 1261 p101 0.000529003
305 1262 q101 -0.000529003
306 1263 s101 0.1
307 1264 p102 0.000495113
308 1265 q102 -0.000495113
309 1266 s102 0.1
310 1267 p103 0.000953316
311 1268 q103 -0.000953316
312 1269 s103 0.1
313 1270 p104 0.00233417
314 1271 q104 -0.00233417
315 1272 s104 0.1
316 1273 p105 0.00105959
317 1274 q105 -0.00105959
318 1275 s105 0.1
319 1276 p106 0.000646096
320 1277 q106 -0.000646096
321 1278 s106 0.1
322 1279 p107 5.09007e-05
323 1280 q107 -5.09007e-05
324 1281 s107 0.1
325 1282 p108 0.000170565
326 1283 q108 -0.000170565
327 1284 s108 0.1
328 1285 p109 -0.00215812
329 1286 q109 0.00215812
330 1287 s109 0.1
331 1288 p110 0.000513032
332 1289 q110 -0.000513032
333 1290 s110 0.1
334 1291 p111 -5.65716e-05
335 1292 q111 5.65716e-05
336 1293 s111 0.1
337 1294 p112 0.000809386
338 1295 q112 -0.000809386
339 1296 s112 0.1
340 1297 p113 0.000237428
341 1298 q113 -0.000237428
342 1299 s113 0.1
343 1300 p114 0.000348708
344 1301 q114 -0.000348708
345 1302 s114 0.1
346 1303 p115 0.000503678
347 1304 q115 -0.000503678
348 1305 s115 0.1
349 1306 p116 0.000376434
350 1307 q116 -0.000376434
351 1308 s116 0.1
352 1309 p117 0.000189192
353 1310 q117 -0.000189192
354 1311 s117 0.1
355 1312 p118 0.000228781
356 1313 q118 -0.000228781
357 1314 s118 0.1
358 1315 p119 -0.000585906
359 1316 q119 0.000585906
360 1317 s119 0.1
361 1318 p120 0.000814912
362 1319 q120 -0.000814912
363 1320 s120 0.1
364 1321 p121 -0.000895235
365 1322 q121 0.000895235
366 1323 s121 0.1
367 1324 p122 0.000340678
368 1325 q122 -0.000340678
369 1326 s122 0.1
370 1327 p123 0.000612236
371 1328 q123 -0.000612236
372 1329 s123 0.1
373 1330 p124 -0.000117155
374 1331 q124 0.000117155
375 1332 s124 0.1
376 1333 p125 0.000479085
377 1334 q125 -0.000479085
378 1335 s125 0.1
379 1336 p126 0.00112698
380 1337 q126 -0.00112698
381 1338 s126 0.1
382 1339 p127 0.000811276
383 1340 q127 -0.000811276
384 1341 s127 0.1
385 1342 p128 0.000308282
386 1343 q128 -0.000308282
387 1344 s128 0.1
388 1345 p129 5.09742e-05
389 1346 q129 -5.09742e-05
390 1347 s129 0.1
391 1348 p130 0.000354185
392 1349 q130 -0.000354185
393 1350 s130 0.1
394 1351 p131 0.000468405
395 1352 q131 -0.000468405
396 1353 s131 0.1
397 1354 p132 0.00366796
398 1355 q132 -0.00366796
399 1356 s132 0.1
400 1357 p133 0.000291264
401 1358 q133 -0.000291264
402 1359 s133 0.1
403 1360 p134 1.18564e-05
404 1361 q134 -1.18564e-05
405 1362 s134 0.1
406 1363 p135 0.00139575
407 1364 q135 -0.00139575
408 1365 s135 0.1
409 1366 p136 -0.000296933
410 1367 q136 0.000296933
411 1368 s136 0.1
412 1369 p137 0.000707827
413 1370 q137 -0.000707827
414 1371 s137 0.1
415 1372 p138 0.00100902
416 1373 q138 -0.00100902
417 1374 s138 0.1
418 1375 p139 0.000199166
419 1376 q139 -0.000199166
420 1377 s139 0.1
421 1378 p140 0.000284927
422 1379 q140 -0.000284927
423 1380 s140 0.1
424 1381 p141 0.000758639
425 1382 q141 -0.000758639
426 1383 s141 0.1
427 1384 p142 0.000671574
428 1385 q142 -0.000671574
429 1386 s142 0.1
430 1387 p143 0.00157013
431 1388 q143 -0.00157013
432 1389 s143 0.1
433 1390 p144 0.000779699
434 1391 q144 -0.000779699
435 1392 s144 0.1
436 1393 p145 0.00029399
437 1394 q145 -0.00029399
438 1395 s145 0.1
439 1396 p146 -0.000660957
440 1397 q146 0.000660957
441 1398 s146 0.1
442 1399 p147 0.000167751
443 1400 q147 -0.000167751
444 1401 s147 0.1
445 1402 p148 0.000623791
446 1403 q148 -0.000623791
447 1404 s148 0.1
448 1405 p149 0.000392813
449 1406 q149 -0.000392813
450 1407 s149 0.1
451 1408 p150 -0.000202806
452 1409 q150 0.000202806
453 1410 s150 0.1
454 1411 p151 0.000338375
455 1412 q151 -0.000338375
456 1413 s151 0.1
457 1414 p152 -8.42983e-05
458 1415 q152 8.42983e-05
459 1416 s152 0.1
460 1417 p153 -0.000413911
461 1418 q153 0.000413911
462 1419 s153 0.1
463 1420 p154 0.00151671
464 1421 q154 -0.00151671
465 1422 s154 0.1
466 1423 p155 -0.000211356
467 1424 q155 0.000211356
468 1425 s155 0.1
469 1426 p156 -0.00129456
470 1427 q156 0.00129456
471 1428 s156 0.1
472 1429 p157 0.000884877
473 1430 q157 -0.000884877
474 1431 s157 0.1
475 1432 p158 -0.000426345
476 1433 q158 0.000426345
477 1434 s158 0.1
478 1435 p159 0.000778392
479 1436 q159 -0.000778392
480 1437 s159 0.1
481 1438 p160 0.000450161
482 1439 q160 -0.000450161
483 1440 s160 0.1
484 1441 p161 0.000557419
485 1442 q161 -0.000557419
486 1443 s161 0.1
487 1444 p162 3.01809e-05
488 1445 q162 -3.01809e-05
489 1446 s162 0.1
490 1447 p163 0.000746944
491 1448 q163 -0.000746944
492 1449 s163 0.1
493 1450 p164 0.000375605
494 1451 q164 -0.000375605
495 1452 s164 0.1
496 1453 p165 0.000443204
497 1454 q165 -0.000443204
498 1455 s165 0.1
499 1456 p166 0.000833735
500 1457 q166 -0.000833735
501 1458 s166 0.1
502 1459 p167 0.000547545
503 1460 q167 -0.000547545
504 1461 s167 0.1
505 1462 p168 -0.000326249
506 1463 q168 0.000326249
507 1464 s168 0.1
508 1465 p169 -0.000406762
509 1466 q169 0.000406762
510 1467 s169 0.1
511 1468 p170 0.000619727
512 1469 q170 -0.000619727
513 1470 s170 0.1
514 1471 p171 0.000649912
515 1472 q171 -0.000649912
516 1473 s171 0.1
517 1474 p172 -0.000430987
518 1475 q172 0.000430987
519 1476 s172 0.1
520 1477 p173 0.00129891
521 1478 q173 -0.00129891
522 1479 s173 0.1
523 1480 p174 0.000611487
524 1481 q174 -0.000611487
525 1482 s174 0.1
526 1483 p175 0.000860709
527 1484 q175 -0.000860709
528 1485 s175 0.1
529 1486 p176 0.00180038
530 1487 q176 -0.00180038
531 1488 s176 0.1
532 1489 p177 -0.000172796
533 1490 q177 0.000172796
534 1491 s177 0.1
535 1492 p178 -0.00010271
536 1493 q178 0.00010271
537 1494 s178 0.1
538 1495 p179 0.000281082
539 1496 q179 -0.000281082
540 1497 s179 0.1
541 1498 p180 -6.03971e-06
542 1499 q180 6.03971e-06
543 1500 s180 0.1
544 1501 p181 0.000962519
545 1502 q181 -0.000962519
546 1503 s181 0.1
547 1504 p182 0.000745442
548 1505 q182 -0.000745442
549 1506 s182 0.1
550 1507 p183 -4.30902e-05
551 1508 q183 4.30902e-05
552 1509 s183 0.1
553 1510 p184 -0.00274903
554 1511 q184 0.00274903
555 1512 s184 0.1
556 1513 p185 -0.00037563
557 1514 q185 0.00037563
558 1515 s185 0.1
559 1516 p186 -0.00110466
560 1517 q186 0.00110466
561 1518 s186 0.1
562 1519 p187 0.000376577
563 1520 q187 -0.000376577
564 1521 s187 0.1
565 1522 p188 -1.01154e-05
566 1523 q188 1.01154e-05
567 1524 s188 0.1
568 1525 p189 0.000172963
569 1526 q189 -0.000172963
570 1527 s189 0.1
571 1528 p190 0.000379608
572 1529 q190 -0.000379608
573 1530 s190 0.1
574 1531 p191 0.000621965
575 1532 q191 -0.000621965
576 1533 s191 0.1
577 1534 p192 0.00117807
578 1535 q192 -0.00117807
579 1536 s192 0.1
580 1537 p193 5.77246e-05
581 1538 q193 -5.77246e-05
582 1539 s193 0.1
583 1540 p194 0.000481259
584 1541 q194 -0.000481259
585 1542 s194 0.1
586 1543 p195 0.000237744
587 1544 q195 -0.000237744
588 1545 s195 0.1
589 1546 p196 0.000996128
590 1547 q196 -0.000996128
591 1548 s196 0.1
592 1549 p197 0.000607003
593 1550 q197 -0.000607003
594 1551 s197 0.1
595 1552 p198 -0.00037718
596 1553 q198 0.00037718
597 1554 s198 0.1
598 1555 p199 8.74343e-05
599 1556 q199 -8.74343e-05
600 1557 s199 0.1
601 1558 p200 0.000537241
602 1559 q200 -0.000537241
603 1560 s200 0.1
604 1561 p201 -0.000525347
605 1562 q201 0.000525347
606 1563 s201 0.1
607 1564 p202 -0.000796628
608 1565 q202 0.000796628
609 1566 s202 0.1
610 1567 p203 0.00081789
611 1568 q203 -0.00081789
612 1569 s203 0.1
613 1570 p204 0.000575809
614 1571 q204 -0.000575809
615 1572 s204 0.1
616 1573 p205 0.000831351
617 1574 q205 -0.000831351
618 1575 s205 0.1
619 1576 p206 -5.45345e-05
620 1577 q206 5.45345e-05
621 1578 s206 0.1
622 1579 p207 -0.000762546
623 1580 q207 0.000762546
624 1581 s207 0.1
625 1582 p208 -0.001735
626 1583 q208 0.001735
627 1584 s208 0.1
628 1585 p209 0.000275835
629 1586 q209 -0.000275835
630 1587 s209 0.1
631 1588 p210 0.00042693
632 1589 q210 -0.00042693
633 1590 s210 0.1
634 1591 p211 4.68209e-05
635 1592 q211 -4.68209e-05
636 1593 s211 0.1
637 1594 p212 0.000524617
638 1595 q212 -0.000524617
639 1596 s212 0.1
640 1597 p213 -0.00180951
641 1598 q213 0.00180951
642 1599 s213 0.1
643 1600 p214 0.000204913
644 1601 q214 -0.000204913
645 1602 s214 0.1
646 1603 p215 0.000157249
647 1604 q215 -0.000157249
648 1605 s215 0.1
649 1606 p216 0.000319375
650 1607 q216 -0.000319375
651 1608 s216 0.1
652 1609 p217 -3.50532e-05
653 1610 q217 3.50532e-05
654 1611 s217 0.1
655 1612 p218 0.000271477
656 1613 q218 -0.000271477
657 1614 s218 0.1
658 1615 p219 0.000893941
659 1616 q219 -0.000893941
660 1617 s219 0.1
661 1618 p220 -0.000422477
662 1619 q220 0.000422477
663 1620 s220 0.1
664 1621 p221 0.000102602
665 1622 q221 -0.000102602
666 1623 s221 0.1
667 1624 p222 0.00206194
668 1625 q222 -0.00206194
669 1626 s222 0.1
670 1627 p223 0.000655694
671 1628 q223 -0.000655694
672 1629 s223 0.1
673 1630 p224 0.000115406
674 1631 q224 -0.000115406
675 1632 s224 0.1
676 1633 p225 -0.000485217
677 1634 q225 0.000485217
678 1635 s225 0.1
679 1636 p226 -0.0025345
680 1637 q226 0.0025345
681 1638 s226 0.1
682 1639 p227 0.000551408
683 1640 q227 -0.000551408
684 1641 s227 0.1
685 1642 p228 0.00153084
686 1643 q228 -0.00153084
687 1644 s228 0.1
688 1645 p229 -0.00112594
689 1646 q229 0.00112594
690 1647 s229 0.1
691 1648 p230 0.000283485
692 1649 q230 -0.000283485
693 1650 s230 0.1
694 1651 p231 -0.00184286
695 1652 q231 0.00184286
696 1653 s231 0.1
697 1654 p232 0.000134894
698 1655 q232 -0.000134894
699 1656 s232 0.1
700 1657 p233 3.79085e-05
701 1658 q233 -3.79085e-05
702 1659 s233 0.1
703 1660 p234 0.000253355
704 1661 q234 -0.000253355
705 1662 s234 0.1
706 1663 p235 5.98197e-05
707 1664 q235 -5.98197e-05
708 1665 s235 0.1
709 1666 p236 -6.43144e-05
710 1667 q236 6.43144e-05
711 1668 s236 0.1
712 1669 p237 0.000428446
713 1670 q237 -0.000428446
714 1671 s237 0.1
715 1672 p238 0.000787703
716 1673 q238 -0.000787703
717 1674 s238 0.1
718 1675 p239 0.00122539
719 1676 q239 -0.00122539
720 1677 s239 0.1
721 1678 p240 4.34428e-06
722 1679 q240 -4.34428e-06
723 1680 s240 0.1
724 1681 p241 0.000816305
725 1682 q241 -0.000816305
726 1683 s241 0.1
727 1684 p242 -0.000470523
728 1685 q242 0.000470523
729 1686 s242 0.1
730 1687 p243 0.00125741
731 1688 q243 -0.00125741
732 1689 s243 0.1
733 1690 p244 -0.00132772
734 1691 q244 0.00132772
735 1692 s244 0.1
736 1693 p245 0.00056152
737 1694 q245 -0.00056152
738 1695 s245 0.1
739 1696 p246 0.000352984
740 1697 q246 -0.000352984
741 1698 s246 0.1
742 1699 p247 0.000308588
743 1700 q247 -0.000308588
744 1701 s247 0.1
745 1702 p248 3.62982e-05
746 1703 q248 -3.62982e-05
747 1704 s248 0.1
748 1705 p249 -0.0001903
749 1706 q249 0.0001903
750 1707 s249 0.1
751 1708 p250 -0.000697381
752 1709 q250 0.000697381
753 1710 s250 0.1
754 1711 p251 0.000299423
755 1712 q251 -0.000299423
756 1713 s251 0.1
757 1714 p252 0.000768145
758 1715 q252 -0.000768145
759 1716 s252 0.1
760 1717 p253 0.000301722
761 1718 q253 -0.000301722
762 1719 s253 0.1
763 1720 p254 0.000985399
764 1721 q254 -0.000985399
765 1722 s254 0.1
766 1723 p255 0.000468365
767 1724 q255 -0.000468365
768 1725 s255 0.1
769 1726 p256 0.000620665
770 1727 q256 -0.000620665
771 1728 s256 0.1
772 1729 p257 0.000192747
773 1730 q257 -0.000192747
774 1731 s257 0.1
775 1732 p258 0.00040036
776 1733 q258 -0.00040036
777 1734 s258 0.1
778 1735 p259 -0.000151214
779 1736 q259 0.000151214
780 1737 s259 0.1
781 1738 p260 0.000888033
782 1739 q260 -0.000888033
783 1740 s260 0.1
784 1741 p261 0.00144984
785 1742 q261 -0.00144984
786 1743 s261 0.1
787 1744 p262 -0.00312009
788 1745 q262 0.00312009
789 1746 s262 0.1
790 1747 p263 0.000554538
791 1748 q263 -0.000554538
792 1749 s263 0.1
793 1750 p264 -0.000972776
794 1751 q264 0.000972776
795 1752 s264 0.1
796 1753 p265 0.00204308
797 1754 q265 -0.00204308
798 1755 s265 0.1
799 1756 p266 -0.00138785
800 1757 q266 0.00138785
801 1758 s266 0.1
802 1759 p267 0.000884535
803 1760 q267 -0.000884535
804 1761 s267 0.1
805 1762 p268 -0.000751996
806 1763 q268 0.000751996
807 1764 s268 0.1
808 1765 p269 0.00112924
809 1766 q269 -0.00112924
810 1767 s269 0.1
811 1768 p270 -0.000576331
812 1769 q270 0.000576331
813 1770 s270 0.1
814 1771 p271 8.89626e-05
815 1772 q271 -8.89626e-05
816 1773 s271 0.1
817 1774 p272 -0.000894514
818 1775 q272 0.000894514
819 1776 s272 0.1
820 1777 p273 -0.000820258
821 1778 q273 0.000820258
822 1779 s273 0.1
823 1780 p274 0.000109053
824 1781 q274 -0.000109053
825 1782 s274 0.1
826 1783 p275 0.000755899
827 1784 q275 -0.000755899
828 1785 s275 0.1
829 1786 p276 -0.000177428
830 1787 q276 0.000177428
831 1788 s276 0.1
832 1789 p277 0.000451064
833 1790 q277 -0.000451064
834 1791 s277 0.1
835 1792 p278 0.000730382
836 1793 q278 -0.000730382
837 1794 s278 0.1
838 1795 p279 0.000320953
839 1796 q279 -0.000320953
840 1797 s279 0.1
841 1798 p280 0.00110218
842 1799 q280 -0.00110218
843 1800 s280 0.1
844 1801 p281 -0.000128385
845 1802 q281 0.000128385
846 1803 s281 0.1
847 1804 p282 -0.000655193
848 1805 q282 0.000655193
849 1806 s282 0.1
850 1807 p283 -0.000206011
851 1808 q283 0.000206011
852 1809 s283 0.1
853 1810 p284 0.000750782
854 1811 q284 -0.000750782
855 1812 s284 0.1
856 1813 p285 -0.000312411
857 1814 q285 0.000312411
858 1815 s285 0.1
859 1816 p286 0.000596428
860 1817 q286 -0.000596428
861 1818 s286 0.1
862 1819 p287 0.00148786
863 1820 q287 -0.00148786
864 1821 s287 0.1
865 1822 p288 -0.000980792
866 1823 q288 0.000980792
867 1824 s288 0.1
868 1825 p289 0.000621412
869 1826 q289 -0.000621412
870 1827 s289 0.1
871 1828 p290 -0.000829672
872 1829 q290 0.000829672
873 1830 s290 0.1
874 1831 p291 0.000615696
875 1832 q291 -0.000615696
876 1833 s291 0.1
877 1834 p292 0.000394547
878 1835 q292 -0.000394547
879 1836 s292 0.1
880 1837 p293 0.000321453
881 1838 q293 -0.000321453
882 1839 s293 0.1
883 1840 p294 0.000897656
884 1841 q294 -0.000897656
885 1842 s294 0.1
886 1843 p295 -0.000123908
887 1844 q295 0.000123908
888 1845 s295 0.1
889 1846 p296 -2.60859e-05
890 1847 q296 2.60859e-05
891 1848 s296 0.1
892 1849 p297 0.00100901
893 1850 q297 -0.00100901
894 1851 s297 0.1
895 1852 p298 -0.000216584
896 1853 q298 0.000216584
897 1854 s298 0.1
898 1855 p299 0.000565235
899 1856 q299 -0.000565235
900 1857 s299 0.1
901 1858 p300 -0.000143279
902 1859 q300 0.000143279
903 1860 s300 0.1
904 1861 p301 -0.00050727
905 1862 q301 0.00050727
906 1863 s301 0.1
907 1864 p302 -0.000283338
908 1865 q302 0.000283338
909 1866 s302 0.1
910 1867 p303 0.000495955
911 1868 q303 -0.000495955
912 1869 s303 0.1
913 1870 p304 -0.000382761
914 1871 q304 0.000382761
915 1872 s304 0.1
916 1873 p305 0.000303671
917 1874 q305 -0.000303671
918 1875 s305 0.1
919 1876 p306 0.000702042
920 1877 q306 -0.000702042
921 1878 s306 0.1
922 1879 p307 0.00188848
923 1880 q307 -0.00188848
924 1881 s307 0.1
925 1882 p308 0.00239783
926 1883 q308 -0.00239783
927 1884 s308 0.1
928 1885 p309 0.000217864
929 1886 q309 -0.000217864
930 1887 s309 0.1
931 1888 p310 -0.0005337
932 1889 q310 0.0005337
933 1890 s310 0.1
934 1891 p311 0.000510549
935 1892 q311 -0.000510549
936 1893 s311 0.1
937 1894 p312 0.000147025
938 1895 q312 -0.000147025
939 1896 s312 0.1
940 1897 p313 0.000374909
941 1898 q313 -0.000374909
942 1899 s313 0.1
943 1900 p314 -0.000717879
944 1901 q314 0.000717879
945 1902 s314 0.1
946 1903 p315 -0.00201504
947 1904 q315 0.00201504
948 1905 s315 0.1
949 1906 p316 0.000453815
950 1907 q316 -0.000453815
951 1908 s316 0.1
952 1909 p317 -0.000276701
953 1910 q317 0.000276701
954 1911 s317 0.1
955 1912 p318 -7.97416e-05
956 1913 q318 7.97416e-05
957 1914 s318 0.1
958 1915 p319 -0.000871779
959 1916 q319 0.000871779
960 1917 s319 0.1
961 1918 p320 0.00108496
962 1919 q320 -0.00108496
963 1920 s320 0.1
964 1921 p321 0.00139379
965 1922 q321 -0.00139379
966 1923 s321 0.1
967 1924 p322 0.000426979
968 1925 q322 -0.000426979
969 1926 s322 0.1
970 1927 p323 0.00138272
971 1928 q323 -0.00138272
972 1929 s323 0.1
973 1930 p324 0.0010801
974 1931 q324 -0.0010801
975 1932 s324 0.1
976 1933 p325 0.000766051
977 1934 q325 -0.000766051
978 1935 s325 0.1
979 1936 p326 0.00114466
980 1937 q326 -0.00114466
981 1938 s326 0.1
982 1939 p327 0.000482113
983 1940 q327 -0.000482113
984 1941 s327 0.1
985 1942 p328 0.000511319
986 1943 q328 -0.000511319
987 1944 s328 0.1
988 1945 p329 0.000601077
989 1946 q329 -0.000601077
990 1947 s329 0.1
991 1948 p330 0.000298217
992 1949 q330 -0.000298217
993 1950 s330 0.1
994 1951 p331 0.00142584
995 1952 q331 -0.00142584
996 1953 s331 0.1
997 1954 p332 0.000212202
998 1955 q332 -0.000212202
999 1956 s332 0.1
1000 1957 p333 0.000520327
1001 1958 q333 -0.000520327
1002 1959 s333 0.1
1003 1960 p334 -0.000666522
1004 1961 q334 0.000666522
1005 1962 s334 0.1
1006 1963 p335 0.00168042
1007 1964 q335 -0.00168042
1008 1965 s335 0.1
1009 1966 p336 -0.000290557
1010 1967 q336 0.000290557
1011 1968 s336 0.1
1012 1969 p337 0.000319886
1013 1970 q337 -0.000319886
1014 1971 s337 0.1
1015 1972 p338 0.0014804
1016 1973 q338 -0.0014804
1017 1974 s338 0.1
1018 1975 p339 0.00092306
1019 1976 q339 -0.00092306
1020 1977 s339 0.1
1021 1978 p340 -7.48354e-05
1022 1979 q340 7.48354e-05
1023 1980 s340 0.1
1024 1981 p341 0.000896466
1025 1982 q341 -0.000896466
1026 1983 s341 0.1
1027 1984 p342 0.000262103
1028 1985 q342 -0.000262103
1029 1986 s342 0.1
1030 1987 p343 0.00022567
1031 1988 q343 -0.00022567
1032 1989 s343 0.1
1033 1990 p344 0.000423274
1034 1991 q344 -0.000423274
1035 1992 s344 0.1
1036 1993 p345 0.000119511
1037 1994 q345 -0.000119511
1038 1995 s345 0.1
1039 1996 p346 -0.00045474
1040 1997 q346 0.00045474
1041 1998 s346 0.1
1042 1999 p347 0.00061274
1043 2000 q347 -0.00061274
1044 2001 s347 0.1
1045 2002 p348 0.00037087
1046 2003 q348 -0.00037087
1047 2004 s348 0.1
1048 2005 p349 0.000640988
1049 2006 q349 -0.000640988
1050 2007 s349 0.1
1051 2008 p350 0.000692266
1052 2009 q350 -0.000692266
1053 2010 s350 0.1
1054 2011 p351 0.000218402
1055 2012 q351 -0.000218402
1056 2013 s351 0.1
1057 2014 p352 0.000960294
1058 2015 q352 -0.000960294
1059 2016 s352 0.1
1060 2017 p353 0.000513909
1061 2018 q353 -0.000513909
1062 2019 s353 0.1
1063 2020 p354 9.2745e-05
1064 2021 q354 -9.2745e-05
1065 2022 s354 0.1
1066 2023 p355 0.000210239
1067 2024 q355 -0.000210239
1068 2025 s355 0.1
1069 2026 p356 -0.00101301
1070 2027 q356 0.00101301
1071 2028 s356 0.1
1072 2029 p357 -0.000824807
1073 2030 q357 0.000824807
1074 2031 s357 0.1
1075 2032 p358 -0.00110682
1076 2033 q358 0.00110682
1077 2034 s358 0.1
1078 2035 p359 -0.00091927
1079 2036 q359 0.00091927
1080 2037 s359 0.1
1081 2038 p360 0.000698948
1082 2039 q360 -0.000698948
1083 2040 s360 0.1
1084 2041 p361 0.00111882
1085 2042 q361 -0.00111882
1086 2043 s361 0.1
1087 2044 p362 5.25604e-05
1088 2045 q362 -5.25604e-05
1089 2046 s362 0.1
1090 2047 p363 0.00121272
1091 2048 q363 -0.00121272
1092 2049 s363 0.1
1093 2050 p364 0.000573343
1094 2051 q364 -0.000573343
1095 2052 s364 0.1
1096 2053 p365 -0.00198203
1097 2054 q365 0.00198203
1098 2055 s365 0.1
1099 2056 p366 -0.00070706
1100 2057 q366 0.00070706
1101 2058 s366 0.1
1102 2059 p367 -0.000516622
1103 2060 q367 0.000516622
1104 2061 s367 0.1
1105 2062 p368 -0.0027284
1106 2063 q368 0.0027284
1107 2064 s368 0.1
1108 2065 p369 0.000512526
1109 2066 q369 -0.000512526
1110 2067 s369 0.1
1111 2068 p370 -6.61979e-05
1112 2069 q370 6.61979e-05
1113 2070 s370 0.1
1114 2071 p371 -0.000667543
1115 2072 q371 0.000667543
1116 2073 s371 0.1
1117 2074 p372 -0.00025867
1118 2075 q372 0.00025867
1119 2076 s372 0.1
1120 2077 p373 -0.000677287
1121 2078 q373 0.000677287
1122 2079 s373 0.1
1123 2080 p374 -8.08406e-05
1124 2081 q374 8.08406e-05
1125 2082 s374 0.1
1126 2083 p375 0.000606641
1127 2084 q375 -0.000606641
1128 2085 s375 0.1
1129 2086 p376 -0.000108825
1130 2087 q376 0.000108825
1131 2088 s376 0.1
1132 2089 p377 0.000888333
1133 2090 q377 -0.000888333
1134 2091 s377 0.1
1135 2092 p378 0.000454988
1136 2093 q378 -0.000454988
1137 2094 s378 0.1
1138 2095 p379 0.000781438
1139 2096 q379 -0.000781438
1140 2097 s379 0.1
1141 2098 p380 0.000479577
1142 2099 q380 -0.000479577
1143 2100 s380 0.1
1144 2101 p381 -0.000101747
1145 2102 q381 0.000101747
1146 2103 s381 0.1
1147 2104 p382 -0.000985099
1148 2105 q382 0.000985099
1149 2106 s382 0.1
1150 2107 p383 0.000733535
1151 2108 q383 -0.000733535
1152 2109 s383 0.1
1153 2110 p384 0.000152006
1154 2111 q384 -0.000152006
1155 2112 s384 0.1
1156 2113 p385 0.000262472
1157 2114 q385 -0.000262472
1158 2115 s385 0.1
1159 2116 p386 -0.00220366
1160 2117 q386 0.00220366
1161 2118 s386 0.1
1162 2119 p387 0.00080287
1163 2120 q387 -0.00080287
1164 2121 s387 0.1
1165 2122 p388 0.0014685
1166 2123 q388 -0.0014685
1167 2124 s388 0.1
1168 2125 p389 -0.000822538
1169 2126 q389 0.000822538
1170 2127 s389 0.1
1171 2128 p390 -0.000842627
1172 2129 q390 0.000842627
1173 2130 s390 0.1
1174 2131 p391 0.000168325
1175 2132 q391 -0.000168325
1176 2133 s391 0.1
1177 2134 p392 0.00085752
1178 2135 q392 -0.00085752
1179 2136 s392 0.1
1180 2137 p393 0.000789069
1181 2138 q393 -0.000789069
1182 2139 s393 0.1
1183 2140 p394 0.000143072
1184 2141 q394 -0.000143072
1185 2142 s394 0.1
1186 2143 p395 2.45244e-05
1187 2144 q395 -2.45244e-05
1188 2145 s395 0.1
1189 2146 p396 0.000577372
1190 2147 q396 -0.000577372
1191 2148 s396 0.1
1192 2149 p397 -0.000290644
1193 2150 q397 0.000290644
1194 2151 s397 0.1
1195 2152 p398 0.000724477
1196 2153 q398 -0.000724477
1197 2154 s398 0.1
1198 2155 p399 0.000471746
1199 2156 q399 -0.000471746
1200 2157 s399 0.1
1201 2158 p400 -0.00210325
1202 2159 q400 0.00210325
1203 2160 s400 0.1
1204 2161 p401 -0.00140653
1205 2162 q401 0.00140653
1206 2163 s401 0.1
1207 2164 p402 -6.77012e-05
1208 2165 q402 6.77012e-05
1209 2166 s402 0.1
1210 2167 p403 -0.000487463
1211 2168 q403 0.000487463
1212 2169 s403 0.1
1213 2170 p404 0.00125238
1214 2171 q404 -0.00125238
1215 2172 s404 0.1
1216 2173 p405 0.000808213
1217 2174 q405 -0.000808213
1218 2175 s405 0.1
1219 2176 p406 -0.000603585
1220 2177 q406 0.000603585
1221 2178 s406 0.1
1222 2179 p407 0.000654381
1223 2180 q407 -0.000654381
1224 2181 s407 0.1
1225 2182 p408 0.000653489
1226 2183 q408 -0.000653489
1227 2184 s408 0.1
1228 2185 p409 0.000556239
1229 2186 q409 -0.000556239
1230 2187 s409 0.1
1231 2188 p410 0.00064125
1232 2189 q410 -0.00064125
1233 2190 s410 0.1
1234 2191 p411 0.000507123
1235 2192 q411 -0.000507123
1236 2193 s411 0.1
1237 2194 p412 0.000850554
1238 2195 q412 -0.000850554
1239 2196 s412 0.1
1240 2197 p413 0.000400565
1241 2198 q413 -0.000400565
1242 2199 s413 0.1
1243 2200 p414 0.000619205
1244 2201 q414 -0.000619205
1245 2202 s414 0.1
1246 2203 p415 0.000736034
1247 2204 q415 -0.000736034
1248 2205 s415 0.1
1249 2206 p416 0.00183439
1250 2207 q416 -0.00183439
1251 2208 s416 0.1
1252 2209 p417 0.000877813
1253 2210 q417 -0.000877813
1254 2211 s417 0.1
1255 2212 p418 -0.000403821
1256 2213 q418 0.000403821
1257 2214 s418 0.1
1258 2215 p419 0.000694336
1259 2216 q419 -0.000694336
1260 2217 s419 0.1
1261 2218 p420 -0.00014856
1262 2219 q420 0.00014856
1263 2220 s420 0.1
1264 2221 p421 7.29181e-06
1265 2222 q421 -7.29181e-06
1266 2223 s421 0.1
1267 2224 p422 -0.00106683
1268 2225 q422 0.00106683
1269 2226 s422 0.1
1270 2227 p423 -0.000782461
1271 2228 q423 0.000782461
1272 2229 s423 0.1
1273 2230 p424 0.000143608
1274 2231 q424 -0.000143608
1275 2232 s424 0.1
1276 2233 p425 0.000218585
1277 2234 q425 -0.000218585
1278 2235 s425 0.1
1279 2236 p426 0.000469204
1280 2237 q426 -0.000469204
1281 2238 s426 0.1
1282 2239 p427 7.57974e-05
1283 2240 q427 -7.57974e-05
1284 2241 s427 0.1
1285 2242 p428 -5.65145e-05
1286 2243 q428 5.65145e-05
1287 2244 s428 0.1
1288 2245 p429 0.00123939
1289 2246 q429 -0.00123939
1290 2247 s429 0.1
1291 2248 p430 0.00109997
1292 2249 q430 -0.00109997
1293 2250 s430 0.1
1294 2251 p431 0.000416969
1295 2252 q431 -0.000416969
1296 2253 s431 0.1
1297 2254 p432 0.00127114
1298 2255 q432 -0.00127114
1299 2256 s432 0.1
1300 2257 p433 0.000281609
1301 2258 q433 -0.000281609
1302 2259 s433 0.1
1303 2260 p434 -0.000199632
1304 2261 q434 0.000199632
1305 2262 s434 0.1
1306 2263 p435 4.1481e-05
1307 2264 q435 -4.1481e-05
1308 2265 s435 0.1
1309 2266 p436 0.00129671
1310 2267 q436 -0.00129671
1311 2268 s436 0.1
1312 2269 p437 0.000469093
1313 2270 q437 -0.000469093
1314 2271 s437 0.1
1315 2272 p438 0.000903634
1316 2273 q438 -0.000903634
1317 2274 s438 0.1
1318 2275 p439 -0.00104593
1319 2276 q439 0.00104593
1320 2277 s439 0.1
1321 2278 p440 -2.02587e-05
1322 2279 q440 2.02587e-05
1323 2280 s440 0.1
1324 2281 p441 -4.92717e-05
1325 2282 q441 4.92717e-05
1326 2283 s441 0.1
1327 2284 p442 0.000230148
1328 2285 q442 -0.000230148
1329 2286 s442 0.1
1330 2287 p443 0.000804482
1331 2288 q443 -0.000804482
1332 2289 s443 0.1
1333 2290 p444 0.000105045
1334 2291 q444 -0.000105045
1335 2292 s444 0.1
1336 2293 p445 0.000357042
1337 2294 q445 -0.000357042
1338 2295 s445 0.1
1339 2296 p446 0.00138818
1340 2297 q446 -0.00138818
1341 2298 s446 0.1
1342 2299 p447 0.00194719
1343 2300 q447 -0.00194719
1344 2301 s447 0.1
1345 2302 p448 -4.62368e-05
1346 2303 q448 4.62368e-05
1347 2304 s448 0.1
1348 2305 p449 0.000682015
1349 2306 q449 -0.000682015
1350 2307 s449 0.1
1351 2308 p450 0.000843543
1352 2309 q450 -0.000843543
1353 2310 s450 0.1
1354 2311 p451 0.000804094
1355 2312 q451 -0.000804094
1356 2313 s451 0.1
1357 2314 p452 0.0013534
1358 2315 q452 -0.0013534
1359 2316 s452 0.1
1360 2317 p453 0.00586936
1361 2318 q453 -0.00586936
1362 2319 s453 0.1
1363 2320 p454 0.000406873
1364 2321 q454 -0.000406873
1365 2322 s454 0.1
1366 2323 p455 0.000131797
1367 2324 q455 -0.000131797
1368 2325 s455 0.1
1369 2326 p456 -0.000268024
1370 2327 q456 0.000268024
1371 2328 s456 0.1
1372 2329 p457 0.000732319
1373 2330 q457 -0.000732319
1374 2331 s457 0.1
1375 2332 p458 -0.000408212
1376 2333 q458 0.000408212
1377 2334 s458 0.1
1378 2335 p459 0.000808152
1379 2336 q459 -0.000808152
1380 2337 s459 0.1
1381 2338 p460 0.00151821
1382 2339 q460 -0.00151821
1383 2340 s460 0.1
1384 2341 p461 0.000622937
1385 2342 q461 -0.000622937
1386 2343 s461 0.1
1387 2344 p462 0.000906974
1388 2345 q462 -0.000906974
1389 2346 s462 0.1
1390 2347 p463 7.49038e-05
1391 2348 q463 -7.49038e-05
1392 2349 s463 0.1
1393 2350 p464 0.000503702
1394 2351 q464 -0.000503702
1395 2352 s464 0.1
1396 2353 p465 0.000390604
1397 2354 q465 -0.000390604
1398 2355 s465 0.1
1399 2356 p466 0.000592042
1400 2357 q466 -0.000592042
1401 2358 s466 0.1
1402 2359 p467 -0.000166772
1403 2360 q467 0.000166772
1404 2361 s467 0.1
1405 2362 p468 0.000824586
1406 2363 q468 -0.000824586
1407 2364 s468 0.1
1408 2365 p469 -0.000686987
1409 2366 q469 0.000686987
1410 2367 s469 0.1
1411 2368 p470 0.000812964
1412 2369 q470 -0.000812964
1413 2370 s470 0.1
1414 2371 p471 0.000493509
1415 2372 q471 -0.000493509
1416 2373 s471 0.1
1417 2374 p472 2.44597e-05
1418 2375 q472 -2.44597e-05
1419 2376 s472 0.1
1420 2377 p473 0.00220215
1421 2378 q473 -0.00220215
1422 2379 s473 0.1
1423 2380 p474 0.000400199
1424 2381 q474 -0.000400199
1425 2382 s474 0.1
1426 2383 p475 -0.000311765
1427 2384 q475 0.000311765
1428 2385 s475 0.1
1429 2386 p476 0.00101774
1430 2387 q476 -0.00101774
1431 2388 s476 0.1
1432 2389 p477 -0.00261955
1433 2390 q477 0.00261955
1434 2391 s477 0.1
1435 2392 p478 0.000424114
1436 2393 q478 -0.000424114
1437 2394 s478 0.1
1438 2395 p479 0.000608658
1439 2396 q479 -0.000608658
1440 2397 s479 0.1
1441 2398 p480 -0.000715705
1442 2399 q480 0.000715705
1443 2400 s480 0.1
1444 2401 p481 0.000616031
1445 2402 q481 -0.000616031
1446 2403 s481 0.1
1447 2404 p482 -0.000773697
1448 2405 q482 0.000773697
1449 2406 s482 0.1
1450 2407 p483 -0.000904321
1451 2408 q483 0.000904321
1452 2409 s483 0.1
1453 2410 p484 0.000518478
1454 2411 q484 -0.000518478
1455 2412 s484 0.1
1456 2413 p485 -0.00166822
1457 2414 q485 0.00166822
1458 2415 s485 0.1
1459 2416 p486 0.00125899
1460 2417 q486 -0.00125899
1461 2418 s486 0.1
1462 2419 p487 0.000182914
1463 2420 q487 -0.000182914
1464 2421 s487 0.1
1465 2422 p488 0.000605744
1466 2423 q488 -0.000605744
1467 2424 s488 0.1
1468 2425 p489 0.000662437
1469 2426 q489 -0.000662437
1470 2427 s489 0.1
1471 2428 p490 0.000799881
1472 2429 q490 -0.000799881
1473 2430 s490 0.1
1474 2431 p491 -0.00137207
1475 2432 q491 0.00137207
1476 2433 s491 0.1
1477 2434 p492 -0.0010576
1478 2435 q492 0.0010576
1479 2436 s492 0.1
1480 2437 p493 0.000879699
1481 2438 q493 -0.000879699
1482 2439 s493 0.1
1483 2440 p494 -8.96196e-05
1484 2441 q494 8.96196e-05
1485 2442 s494 0.1
1486 2443 p495 -0.001165
1487 2444 q495 0.001165
1488 2445 s495 0.1
1489 2446 p496 0.00163099
1490 2447 q496 -0.00163099
1491 2448 s496 0.1
1492 2449 p497 0.00114344
1493 2450 q497 -0.00114344
1494 2451 s497 0.1
1495 2452 p498 0.000449233
1496 2453 q498 -0.000449233
1497 2454 s498 0.1
1498 2455 p499 0.000703311
1499 2456 q499 -0.000703311
1500 2457 s499 0.1
1501 2458 p500 0.000966709
1502 2459 q500 -0.000966709
1503 2460 s500 0.1
1504 2461 p501 0.000551165
1505 2462 q501 -0.000551165
1506 2463 s501 0.1
1507 2464 p502 0.000182213
1508 2465 q502 -0.000182213
1509 2466 s502 0.1
1510 2467 p503 -0.00140926
1511 2468 q503 0.00140926
1512 2469 s503 0.1
1513 2470 p504 -0.000798882
1514 2471 q504 0.000798882
1515 2472 s504 0.1
1516 2473 p505 0.000336386
1517 2474 q505 -0.000336386
1518 2475 s505 0.1
1519 2476 p506 0.00101118
1520 2477 q506 -0.00101118
1521 2478 s506 0.1
1522 2479 p507 -1.71364e-05
1523 2480 q507 1.71364e-05
1524 2481 s507 0.1
1525 2482 p508 0.000825123
1526 2483 q508 -0.000825123
1527 2484 s508 0.1
1528 2485 p509 0.000711163
1529 2486 q509 -0.000711163
1530 2487 s509 0.1
1531 2488 p510 0.000588092
1532 2489 q510 -0.000588092
1533 2490 s510 0.1
1534 2491 p511 0.000908906
1535 2492 q511 -0.000908906
1536 2493 s511 0.1
1537 2494 p512 -0.000850277
1538 2495 q512 0.000850277
1539 2496 s512 0.1
1540 2497 p513 0.00116115
1541 2498 q513 -0.00116115
1542 2499 s513 0.1
1543 2500 p514 0.00024238
1544 2501 q514 -0.00024238
1545 2502 s514 0.1
1546 2503 p515 0.00029555
1547 2504 q515 -0.00029555
1548 2505 s515 0.1
1549 2506 p516 0.000135226
1550 2507 q516 -0.000135226
1551 2508 s516 0.1
1552 2509 p517 9.08923e-05
1553 2510 q517 -9.08923e-05
1554 2511 s517 0.1
1555 2512 p518 0.00101874
1556 2513 q518 -0.00101874
1557 2514 s518 0.1
1558 2515 p519 0.000820928
1559 2516 q519 -0.000820928
1560 2517 s519 0.1
1561 2518 p520 0.00122817
1562 2519 q520 -0.00122817
1563 2520 s520 0.1
1564 2521 p521 -0.000433814
1565 2522 q521 0.000433814
1566 2523 s521 0.1
1567 2524 p522 0.000170219
1568 2525 q522 -0.000170219
1569 2526 s522 0.1
1570 2527 p523 9.28363e-05
1571 2528 q523 -9.28363e-05
1572 2529 s523 0.1
1573 2530 p524 0.000484823
1574 2531 q524 -0.000484823
1575 2532 s524 0.1
1576 2533 p525 0.000306977
1577 2534 q525 -0.000306977
1578 2535 s525 0.1
1579 2536 p526 0.000530385
1580 2537 q526 -0.000530385
1581 2538 s526 0.1
1582 2539 p527 -3.35666e-05
1583 2540 q527 3.35666e-05
1584 2541 s527 0.1
1585 2542 p528 0.000968479
1586 2543 q528 -0.000968479
1587 2544 s528 0.1
1588 2545 p529 -0.000343162
1589 2546 q529 0.000343162
1590 2547 s529 0.1
1591 2548 p530 0.000996667
1592 2549 q530 -0.000996667
1593 2550 s530 0.1
1594 2551 p531 1.53343e-05
1595 2552 q531 -1.53343e-05
1596 2553 s531 0.1
1597 2554 p532 0.000115933
1598 2555 q532 -0.000115933
1599 2556 s532 0.1
1600 2557 p533 0.000489301
1601 2558 q533 -0.000489301
1602 2559 s533 0.1
1603 2560 p534 0.000266104
1604 2561 q534 -0.000266104
1605 2562 s534 0.1
1606 2563 p535 0.000971537
1607 2564 q535 -0.000971537
1608 2565 s535 0.1
1609 2566 p536 0.000942326
1610 2567 q536 -0.000942326
1611 2568 s536 0.1
1612 2569 p537 -0.000612598
1613 2570 q537 0.000612598
1614 2571 s537 0.1
1615 2572 p538 0.00113542
1616 2573 q538 -0.00113542
1617 2574 s538 0.1
1618 2575 p539 -0.000455449
1619 2576 q539 0.000455449
1620 2577 s539 0.1
1621 2578 p540 0.000180358
1622 2579 q540 -0.000180358
1623 2580 s540 0.1
1624 2581 p541 -0.00164276
1625 2582 q541 0.00164276
1626 2583 s541 0.1
1627 2584 p542 0.000568698
1628 2585 q542 -0.000568698
1629 2586 s542 0.1
1630 2587 p543 0.000901708
1631 2588 q543 -0.000901708
1632 2589 s543 0.1
1633 2590 p544 0.000769333
1634 2591 q544 -0.000769333
1635 2592 s544 0.1
1636 2593 p545 0.000432763
1637 2594 q545 -0.000432763
1638 2595 s545 0.1
1639 2596 p546 0.000862683
1640 2597 q546 -0.000862683
1641 2598 s546 0.1
1642 2599 p547 -0.000642716
1643 2600 q547 0.000642716
1644 2601 s547 0.1
1645 2602 p548 0.000884651
1646 2603 q548 -0.000884651
1647 2604 s548 0.1
1648 2605 p549 0.000434365
1649 2606 q549 -0.000434365
1650 2607 s549 0.1
1651 2608 p550 -0.000752019
1652 2609 q550 0.000752019
1653 2610 s550 0.1
1654 2611 p551 0.000889489
1655 2612 q551 -0.000889489
1656 2613 s551 0.1
1657 2614 p552 0.000581067
1658 2615 q552 -0.000581067
1659 2616 s552 0.1
1660 2617 p553 0.000590977
1661 2618 q553 -0.000590977
1662 2619 s553 0.1
1663 2620 p554 0.000615202
1664 2621 q554 -0.000615202
1665 2622 s554 0.1
1666 2623 p555 0.000518204
1667 2624 q555 -0.000518204
1668 2625 s555 0.1
1669 2626 p556 -0.000708724
1670 2627 q556 0.000708724
1671 2628 s556 0.1
1672 2629 p557 6.00474e-05
1673 2630 q557 -6.00474e-05
1674 2631 s557 0.1
1675 2632 p558 0.00121849
1676 2633 q558 -0.00121849
1677 2634 s558 0.1
1678 2635 p559 0.000678202
1679 2636 q559 -0.000678202
1680 2637 s559 0.1
1681 2638 p560 0.000728119
1682 2639 q560 -0.000728119
1683 2640 s560 0.1
1684 2641 p561 0.00033782
1685 2642 q561 -0.00033782
1686 2643 s561 0.1
1687 2644 p562 0.000158712
1688 2645 q562 -0.000158712
1689 2646 s562 0.1
1690 2647 p563 1.54884e-05
1691 2648 q563 -1.54884e-05
1692 2649 s563 0.1
1693 2650 p564 0.000762661
1694 2651 q564 -0.000762661
1695 2652 s564 0.1
1696 2653 p565 0.000305779
1697 2654 q565 -0.000305779
1698 2655 s565 0.1
1699 2656 p566 0.00015652
1700 2657 q566 -0.00015652
1701 2658 s566 0.1
1702 2659 p567 -0.0011472
1703 2660 q567 0.0011472
1704 2661 s567 0.1
1705 2662 p568 0.000348144
1706 2663 q568 -0.000348144
1707 2664 s568 0.1
1708 2665 p569 -0.000461016
1709 2666 q569 0.000461016
1710 2667 s569 0.1
1711 2668 p570 0.00101811
1712 2669 q570 -0.00101811
1713 2670 s570 0.1
1714 2671 p571 0.00101392
1715 2672 q571 -0.00101392
1716 2673 s571 0.1
1717 2674 p572 0.00070006
1718 2675 q572 -0.00070006
1719 2676 s572 0.1
1720 2677 p573 0.000586411
1721 2678 q573 -0.000586411
1722 2679 s573 0.1
1723 2680 p574 0.00126599
1724 2681 q574 -0.00126599
1725 2682 s574 0.1
1726 2683 p575 0.00064269
1727 2684 q575 -0.00064269
1728 2685 s575 0.1
1729 2686 p576 -0.000185082
1730 2687 q576 0.000185082
1731 2688 s576 0.1
1732 2689 p577 0.00185263
1733 2690 q577 -0.00185263
1734 2691 s577 0.1
1735 2692 p578 0.000656139
1736 2693 q578 -0.000656139
1737 2694 s578 0.1
1738 2695 p579 0.000214565
1739 2696 q579 -0.000214565
1740 2697 s579 0.1
1741 2698 p580 0.000159574
1742 2699 q580 -0.000159574
1743 2700 s580 0.1
1744 2701 p581 -0.000839871
1745 2702 q581 0.000839871
1746 2703 s581 0.1
1747 2704 p582 0.000222677
1748 2705 q582 -0.000222677
1749 2706 s582 0.1
1750 2707 p583 -0.000486161
1751 2708 q583 0.000486161
1752 2709 s583 0.1
1753 2710 p584 0.0011452
1754 2711 q584 -0.0011452
1755 2712 s584 0.1
1756 2713 p585 -0.00172372
1757 2714 q585 0.00172372
1758 2715 s585 0.1
1759 2716 p586 0.000860319
1760 2717 q586 -0.000860319
1761 2718 s586 0.1
1762 2719 p587 0.000733672
1763 2720 q587 -0.000733672
1764 2721 s587 0.1
1765 2722 p588 -0.000762185
1766 2723 q588 0.000762185
1767 2724 s588 0.1
1768 2725 p589 0.000921527
1769 2726 q589 -0.000921527
1770 2727 s589 0.1
1771 2728 p590 -0.000796948
1772 2729 q590 0.000796948
1773 2730 s590 0.1
1774 2731 p591 3.73305e-05
1775 2732 q591 -3.73305e-05
1776 2733 s591 0.1
1777 2734 p592 -0.00120896
1778 2735 q592 0.00120896
1779 2736 s592 0.1
1780 2737 p593 0.000792331
1781 2738 q593 -0.000792331
1782 2739 s593 0.1
1783 2740 p594 -0.000389612
1784 2741 q594 0.000389612
1785 2742 s594 0.1
1786 2743 p595 -0.000635322
1787 2744 q595 0.000635322
1788 2745 s595 0.1
1789 2746 p596 0.00200019
1790 2747 q596 -0.00200019
1791 2748 s596 0.1
1792 2749 p597 -0.000145526
1793 2750 q597 0.000145526
1794 2751 s597 0.1
1795 2752 p598 0.000279334
1796 2753 q598 -0.000279334
1797 2754 s598 0.1
1798 2755 p599 0.000795015
1799 2756 q599 -0.000795015
1800 2757 s599 0.1
1801 2758 p600 0.000985149
1802 2759 q600 -0.000985149
1803 2760 s600 0.1
1804 2761 p601 0.00044484
1805 2762 q601 -0.00044484
1806 2763 s601 0.1
1807 2764 p602 -0.000200042
1808 2765 q602 0.000200042
1809 2766 s602 0.1
1810 2767 p603 -0.00045447
1811 2768 q603 0.00045447
1812 2769 s603 0.1
1813 2770 p604 -0.000372721
1814 2771 q604 0.000372721
1815 2772 s604 0.1
1816 2773 p605 0.000597076
1817 2774 q605 -0.000597076
1818 2775 s605 0.1
1819 2776 p606 0.000240111
1820 2777 q606 -0.000240111
1821 2778 s606 0.1
1822 2779 p607 0.00107092
1823 2780 q607 -0.00107092
1824 2781 s607 0.1
1825 2782 p608 0.00105013
1826 2783 q608 -0.00105013
1827 2784 s608 0.1
1828 2785 p609 -0.0015211
1829 2786 q609 0.0015211
1830 2787 s609 0.1
1831 2788 p610 -0.00109305
1832 2789 q610 0.00109305
1833 2790 s610 0.1
1834 2791 p611 -0.000131773
1835 2792 q611 0.000131773
1836 2793 s611 0.1
1837 2794 p612 -9.12925e-05
1838 2795 q612 9.12925e-05
1839 2796 s612 0.1
1840 2797 p613 7.29554e-05
1841 2798 q613 -7.29554e-05
1842 2799 s613 0.1
1843 2800 p614 0.000499271
1844 2801 q614 -0.000499271
1845 2802 s614 0.1
1846 2803 p615 0.00117227
1847 2804 q615 -0.00117227
1848 2805 s615 0.1
1849 2806 p616 -0.000351704
1850 2807 q616 0.000351704
1851 2808 s616 0.1
1852 2809 p617 0.00120359
1853 2810 q617 -0.00120359
1854 2811 s617 0.1
1855 2812 p618 -0.00136562
1856 2813 q618 0.00136562
1857 2814 s618 0.1
1858 2815 p619 -0.00175981
1859 2816 q619 0.00175981
1860 2817 s619 0.1
1861 2818 p620 0.000704948
1862 2819 q620 -0.000704948
1863 2820 s620 0.1
1864 2821 p621 -0.000291981
1865 2822 q621 0.000291981
1866 2823 s621 0.1
1867 2824 p622 0.00170118
1868 2825 q622 -0.00170118
1869 2826 s622 0.1
1870 2827 p623 0.00102605
1871 2828 q623 -0.00102605
1872 2829 s623 0.1
1873 2830 p624 0.00143249
1874 2831 q624 -0.00143249
1875 2832 s624 0.1
1876 2833 p625 -0.000312828
1877 2834 q625 0.000312828
1878 2835 s625 0.1
1879 2836 p626 -0.00113998
1880 2837 q626 0.00113998
1881 2838 s626 0.1
1882 2839 p627 0.000487826
1883 2840 q627 -0.000487826
1884 2841 s627 0.1
1885 2842 p628 -0.000288765
1886 2843 q628 0.000288765
1887 2844 s628 0.1
1888 2845 p629 0.000338463
1889 2846 q629 -0.000338463
1890 2847 s629 0.1
1891 2848 p630 0.000440164
1892 2849 q630 -0.000440164
1893 2850 s630 0.1
1894 2851 p631 0.000632542
1895 2852 q631 -0.000632542
1896 2853 s631 0.1
1897 2854 p632 0.000210471
1898 2855 q632 -0.000210471
1899 2856 s632 0.1
1900 2857 p633 0.000650021
1901 2858 q633 -0.000650021
1902 2859 s633 0.1
1903 2860 p634 -0.00107436
1904 2861 q634 0.00107436
1905 2862 s634 0.1
1906 2863 p635 0.00068429
1907 2864 q635 -0.00068429
1908 2865 s635 0.1
1909 2866 p636 6.8364e-05
1910 2867 q636 -6.8364e-05
1911 2868 s636 0.1
1912 2869 p637 0.00113119
1913 2870 q637 -0.00113119
1914 2871 s637 0.1
1915 2872 p638 -0.000211557
1916 2873 q638 0.000211557
1917 2874 s638 0.1
1918 2875 p639 0.000505838
1919 2876 q639 -0.000505838
1920 2877 s639 0.1
1921 2878 p640 -0.00126143
1922 2879 q640 0.00126143
1923 2880 s640 0.1
1924 2881 p641 -0.000171361
1925 2882 q641 0.000171361
1926 2883 s641 0.1
1927 2884 p642 0.000240768
1928 2885 q642 -0.000240768
1929 2886 s642 0.1
1930 2887 p643 0.000351
1931 2888 q643 -0.000351
1932 2889 s643 0.1
1933 2890 p644 0.00258844
1934 2891 q644 -0.00258844
1935 2892 s644 0.1
1936 2893 p645 -0.000617275
1937 2894 q645 0.000617275
1938 2895 s645 0.1
1939 2896 p646 0.000312712
1940 2897 q646 -0.000312712
1941 2898 s646 0.1
1942 2899 p647 -0.00035759
1943 2900 q647 0.00035759
1944 2901 s647 0.1
1945 2902 p648 0.000765859
1946 2903 q648 -0.000765859
1947 2904 s648 0.1
1948 2905 p649 0.000338568
1949 2906 q649 -0.000338568
1950 2907 s649 0.1
1951 2908 p650 -0.000443618
1952 2909 q650 0.000443618
1953 2910 s650 0.1
1954 2911 p651 0.000503771
1955 2912 q651 -0.000503771
1956 2913 s651 0.1
1957 2914 p652 0.000811088
1958 2915 q652 -0.000811088
1959 2916 s652 0.1
1960 2917 p653 2.24368e-05
1961 2918 q653 -2.24368e-05
1962 2919 s653 0.1
1963 2920 p654 3.26936e-05
1964 2921 q654 -3.26936e-05
1965 2922 s654 0.1
1966 2923 p655 -0.00066867
1967 2924 q655 0.00066867
1968 2925 s655 0.1
1969 2926 p656 0.000374804
1970 2927 q656 -0.000374804
1971 2928 s656 0.1
1972 2929 p657 0.000904239
1973 2930 q657 -0.000904239
1974 2931 s657 0.1
1975 2932 p658 0.000543616
1976 2933 q658 -0.000543616
1977 2934 s658 0.1
1978 2935 p659 0.000634398
1979 2936 q659 -0.000634398
1980 2937 s659 0.1
1981 2938 p660 8.07711e-05
1982 2939 q660 -8.07711e-05
1983 2940 s660 0.1
1984 2941 p661 0.000314676
1985 2942 q661 -0.000314676
1986 2943 s661 0.1
1987 2944 p662 0.000799143
1988 2945 q662 -0.000799143
1989 2946 s662 0.1
1990 2947 p663 0.000288373
1991 2948 q663 -0.000288373
1992 2949 s663 0.1
1993 2950 p664 0.000380332
1994 2951 q664 -0.000380332
1995 2952 s664 0.1
1996 2953 p665 0.000495811
1997 2954 q665 -0.000495811
1998 2955 s665 0.1
1999 2956 p666 0.00130284
2000 2957 q666 -0.00130284
2001 2958 s666 0.1
2002 2959 p667 0.00108169
2003 2960 q667 -0.00108169
2004 2961 s667 0.1
2005 2962 p668 0.000645073
2006 2963 q668 -0.000645073
2007 2964 s668 0.1
2008 2965 p669 -0.000401024
2009 2966 q669 0.000401024
2010 2967 s669 0.1
2011 2968 p670 2.0062e-05
2012 2969 q670 -2.0062e-05
2013 2970 s670 0.1
2014 2971 p671 0.000246622
2015 2972 q671 -0.000246622
2016 2973 s671 0.1
2017 2974 p672 0.000297582
2018 2975 q672 -0.000297582
2019 2976 s672 0.1
2020 2977 p673 0.000594614
2021 2978 q673 -0.000594614
2022 2979 s673 0.1
2023 2980 p674 -0.000833486
2024 2981 q674 0.000833486
2025 2982 s674 0.1
2026 2983 p675 0.000145576
2027 2984 q675 -0.000145576
2028 2985 s675 0.1
2029 2986 p676 0.000701563
2030 2987 q676 -0.000701563
2031 2988 s676 0.1
2032 2989 p677 0.000220404
2033 2990 q677 -0.000220404
2034 2991 s677 0.1
2035 2992 p678 0.000534848
2036 2993 q678 -0.000534848
2037 2994 s678 0.1
2038 2995 p679 -0.000326142
2039 2996 q679 0.000326142
2040 2997 s679 0.1
2041 2998 p680 -0.000157992
2042 2999 q680 0.000157992
2043 3000 s680 0.1
2044 3001 p681 6.48931e-05
2045 3002 q681 -6.48931e-05
2046 3003 s681 0.1
2047 3004 p682 -7.41777e-05
2048 3005 q682 7.41777e-05
2049 3006 s682 0.1
2050 3007 p683 6.1121e-05
2051 3008 q683 -6.1121e-05
2052 3009 s683 0.1
2053 3010 p684 0.000342633
2054 3011 q684 -0.000342633
2055 3012 s684 0.1
2056 3013 p685 0.000136839
2057 3014 q685 -0.000136839
2058 3015 s685 0.1
2059 3016 p686 0.000573758
2060 3017 q686 -0.000573758
2061 3018 s686 0.1
2062 3019 p687 0.000504791
2063 3020 q687 -0.000504791
2064 3021 s687 0.1
2065 3022 p688 1.10908e-05
2066 3023 q688 -1.10908e-05
2067 3024 s688 0.1
2068 3025 p689 9.44352e-05
2069 3026 q689 -9.44352e-05
2070 3027 s689 0.1
2071 3028 p690 0.00117341
2072 3029 q690 -0.00117341
2073 3030 s690 0.1
2074 3031 p691 0.000659651
2075 3032 q691 -0.000659651
2076 3033 s691 0.1
2077 3034 p692 -3.00645e-05
2078 3035 q692 3.00645e-05
2079 3036 s692 0.1
2080 3037 p693 0.00362638
2081 3038 q693 -0.00362638
2082 3039 s693 0.1
2083 3040 p694 -0.00106008
2084 3041 q694 0.00106008
2085 3042 s694 0.1
2086 3043 p695 -0.00118493
2087 3044 q695 0.00118493
2088 3045 s695 0.1
2089 3046 p696 0.00041963
2090 3047 q696 -0.00041963
2091 3048 s696 0.1
2092 3049 p697 -0.000516896
2093 3050 q697 0.000516896
2094 3051 s697 0.1
2095 3052 p698 -0.00059457
2096 3053 q698 0.00059457
2097 3054 s698 0.1
2098 3055 p699 0.000769777
2099 3056 q699 -0.000769777
2100 3057 s699 0.1
2101 3058 p700 -9.21784e-05
2102 3059 q700 9.21784e-05
2103 3060 s700 0.1
2104 3061 p701 0.000906481
2105 3062 q701 -0.000906481
2106 3063 s701 0.1
2107 3064 p702 -0.000378695
2108 3065 q702 0.000378695
2109 3066 s702 0.1
2110 3067 p703 -0.000687552
2111 3068 q703 0.000687552
2112 3069 s703 0.1
2113 3070 p704 -0.00202302
2114 3071 q704 0.00202302
2115 3072 s704 0.1
2116 3073 p705 0.000374901
2117 3074 q705 -0.000374901
2118 3075 s705 0.1
2119 3076 p706 -0.000421726
2120 3077 q706 0.000421726
2121 3078 s706 0.1
2122 3079 p707 0.000833804
2123 3080 q707 -0.000833804
2124 3081 s707 0.1
2125 3082 p708 -0.000483624
2126 3083 q708 0.000483624
2127 3084 s708 0.1
2128 3085 p709 0.000899777
2129 3086 q709 -0.000899777
2130 3087 s709 0.1
2131 3088 p710 0.000906973
2132 3089 q710 -0.000906973
2133 3090 s710 0.1
2134 3091 p711 -0.000310765
2135 3092 q711 0.000310765
2136 3093 s711 0.1
2137 3094 p712 0.000273069
2138 3095 q712 -0.000273069
2139 3096 s712 0.1
2140 3097 p713 0.000970162
2141 3098 q713 -0.000970162
2142 3099 s713 0.1
2143 3100 p714 0.00159844
2144 3101 q714 -0.00159844
2145 3102 s714 0.1
2146 3103 p715 0.000139972
2147 3104 q715 -0.000139972
2148 3105 s715 0.1
2149 3106 p716 0.000373269
2150 3107 q716 -0.000373269
2151 3108 s716 0.1
2152 3109 p717 -0.000299293
2153 3110 q717 0.000299293
2154 3111 s717 0.1
2155 3112 p718 0.000454566
2156 3113 q718 -0.000454566
2157 3114 s718 0.1
2158 3115 p719 0.000726794
2159 3116 q719 -0.000726794
2160 3117 s719 0.1
2161 3118 p720 0.000512797
2162 3119 q720 -0.000512797
2163 3120 s720 0.1
2164 3121 p721 0.000554598
2165 3122 q721 -0.000554598
2166 3123 s721 0.1
2167 3124 p722 0.00149079
2168 3125 q722 -0.00149079
2169 3126 s722 0.1
2170 3127 p723 0.00134318
2171 3128 q723 -0.00134318
2172 3129 s723 0.1
2173 3130 p724 0.000415291
2174 3131 q724 -0.000415291
2175 3132 s724 0.1
2176 3133 p725 -5.86945e-05
2177 3134 q725 5.86945e-05
2178 3135 s725 0.1
2179 3136 p726 0.000580112
2180 3137 q726 -0.000580112
2181 3138 s726 0.1
2182 3139 p727 0.000675813
2183 3140 q727 -0.000675813
2184 3141 s727 0.1
2185 3142 p728 0.000722724
2186 3143 q728 -0.000722724
2187 3144 s728 0.1
2188 3145 p729 0.000889173
2189 3146 q729 -0.000889173
2190 3147 s729 0.1
2191 3148 p730 -0.00103557
2192 3149 q730 0.00103557
2193 3150 s730 0.1
2194 3151 p731 0.00176499
2195 3152 q731 -0.00176499
2196 3153 s731 0.1
2197 3154 p732 -0.000202012
2198 3155 q732 0.000202012
2199 3156 s732 0.1
2200 3157 p733 -0.000279235
2201 3158 q733 0.000279235
2202 3159 s733 0.1
2203 3160 p734 0.000306375
2204 3161 q734 -0.000306375
2205 3162 s734 0.1
2206 3163 p735 -0.000287606
2207 3164 q735 0.000287606
2208 3165 s735 0.1
2209 3166 p736 0.000923631
2210 3167 q736 -0.000923631
2211 3168 s736 0.1
2212 3169 p737 -6.5112e-05
2213 3170 q737 6.5112e-05
2214 3171 s737 0.1
2215 3172 p738 0.000522384
2216 3173 q738 -0.000522384
2217 3174 s738 0.1
2218 3175 p739 0.000426229
2219 3176 q739 -0.000426229
2220 3177 s739 0.1
2221 3178 p740 0.00077065
2222 3179 q740 -0.00077065
2223 3180 s740 0.1
2224 3181 p741 0.000713803
2225 3182 q741 -0.000713803
2226 3183 s741 0.1
2227 3184 p742 -0.000280011
2228 3185 q742 0.000280011
2229 3186 s742 0.1
2230 3187 p743 0.000674642
2231 3188 q743 -0.000674642
2232 3189 s743 0.1
2233 3190 p744 0.000351585
2234 3191 q744 -0.000351585
2235 3192 s744 0.1
2236 3193 p745 -0.00071994
2237 3194 q745 0.00071994
2238 3195 s745 0.1
2239 3196 p746 -0.00410008
2240 3197 q746 0.00410008
2241 3198 s746 0.1
2242 3199 p747 0.000725357
2243 3200 q747 -0.000725357
2244 3201 s747 0.1
2245 3202 p748 -0.000396359
2246 3203 q748 0.000396359
2247 3204 s748 0.1
2248 3205 p749 0.000599699
2249 3206 q749 -0.000599699
2250 3207 s749 0.1
2251 3208 p750 0.0009721
2252 3209 q750 -0.0009721
2253 3210 s750 0.1
2254 3211 p751 0.00028789
2255 3212 q751 -0.00028789
2256 3213 s751 0.1
2257 3214 p752 -0.000425031
2258 3215 q752 0.000425031
2259 3216 s752 0.1
2260 3217 p753 0.000841083
2261 3218 q753 -0.000841083
2262 3219 s753 0.1
2263 3220 p754 0.00117818
2264 3221 q754 -0.00117818
2265 3222 s754 0.1
2266 3223 p755 0.000823603
2267 3224 q755 -0.000823603
2268 3225 s755 0.1
2269 3226 p756 0.000853104
2270 3227 q756 -0.000853104
2271 3228 s756 0.1
2272 3229 p757 0.00108435
2273 3230 q757 -0.00108435
2274 3231 s757 0.1
2275 3232 p758 0.000347206
2276 3233 q758 -0.000347206
2277 3234 s758 0.1
2278 3235 p759 0.00078888
2279 3236 q759 -0.00078888
2280 3237 s759 0.1
2281 3238 p760 0.00037536
2282 3239 q760 -0.00037536
2283 3240 s760 0.1
2284 3241 p761 0.00100378
2285 3242 q761 -0.00100378
2286 3243 s761 0.1
2287 3244 p762 0.00108466
2288 3245 q762 -0.00108466
2289 3246 s762 0.1
2290 3247 p763 0.00242882
2291 3248 q763 -0.00242882
2292 3249 s763 0.1
2293 3250 p764 0.00236756
2294 3251 q764 -0.00236756
2295 3252 s764 0.1
2296 3253 p765 0.000552101
2297 3254 q765 -0.000552101
2298 3255 s765 0.1
2299 3256 p766 -0.000594742
2300 3257 q766 0.000594742
2301 3258 s766 0.1
2302 3259 p767 -0.00210066
2303 3260 q767 0.00210066
2304 3261 s767 0.1
2305 3262 p768 0.000876617
2306 3263 q768 -0.000876617
2307 3264 s768 0.1
2308 3265 p769 0.000533973
2309 3266 q769 -0.000533973
2310 3267 s769 0.1
2311 3268 p770 0.00103744
2312 3269 q770 -0.00103744
2313 3270 s770 0.1
2314 3271 p771 0.000395538
2315 3272 q771 -0.000395538
2316 3273 s771 0.1
2317 3274 p772 0.00111886
2318 3275 q772 -0.00111886
2319 3276 s772 0.1
2320 3277 p773 -0.00027284
2321 3278 q773 0.00027284
2322 3279 s773 0.1
2323 3280 p774 0.000144667
2324 3281 q774 -0.000144667
2325 3282 s774 0.1
2326 3283 p775 0.000513426
2327 3284 q775 -0.000513426
2328 3285 s775 0.1
2329 3286 p776 7.24457e-06
2330 3287 q776 -7.24457e-06
2331 3288 s776 0.1
2332 3289 p777 0.00184768
2333 3290 q777 -0.00184768
2334 3291 s777 0.1
2335 3292 p778 -0.00298199
2336 3293 q778 0.00298199
2337 3294 s778 0.1
2338 3295 p779 -0.000483469
2339 3296 q779 0.000483469
2340 3297 s779 0.1
2341 3298 p780 0.00085473
2342 3299 q780 -0.00085473
2343 3300 s780 0.1
2344 3301 p781 0.000957685
2345 3302 q781 -0.000957685
2346 3303 s781 0.1
2347 3304 p782 5.02564e-05
2348 3305 q782 -5.02564e-05
2349 3306 s782 0.1
2350 3307 p783 0.000359375
2351 3308 q783 -0.000359375
2352 3309 s783 0.1
2353 3310 p784 7.6911e-05
2354 3311 q784 -7.6911e-05
2355 3312 s784 0.1
2356 3313 p785 -0.00160551
2357 3314 q785 0.00160551
2358 3315 s785 0.1
2359 3316 p786 -0.000441413
2360 3317 q786 0.000441413
2361 3318 s786 0.1
2362 3319 p787 0.00101453
2363 3320 q787 -0.00101453
2364 3321 s787 0.1
2365 3322 p788 0.000164981
2366 3323 q788 -0.000164981
2367 3324 s788 0.1
2368 3325 p789 0.0014122
2369 3326 q789 -0.0014122
2370 3327 s789 0.1
2371 3328 p790 0.000724428
2372 3329 q790 -0.000724428
2373 3330 s790 0.1
2374 3331 p791 -0.000604917
2375 3332 q791 0.000604917
2376 3333 s791 0.1
2377 3334 p792 0.00101669
2378 3335 q792 -0.00101669
2379 3336 s792 0.1
2380 3337 p793 1.89843e-05
2381 3338 q793 -1.89843e-05
2382 3339 s793 0.1
2383 3340 p794 0.000209317
2384 3341 q794 -0.000209317
2385 3342 s794 0.1
2386 3343 p795 0.000448125
2387 3344 q795 -0.000448125
2388 3345 s795 0.1
2389 3346 p796 -2.4086e-05
2390 3347 q796 2.4086e-05
2391 3348 s796 0.1
2392 3349 p797 0.000168566
2393 3350 q797 -0.000168566
2394 3351 s797 0.1
2395 3352 p798 0.000186064
2396 3353 q798 -0.000186064
2397 3354 s798 0.1
2398 3355 p799 0.000556577
2399 3356 q799 -0.000556577
2400 3357 s799 0.1
2401 3358 p800 -0.00047665
2402 3359 q800 0.00047665
2403 3360 s800 0.1
2404 3361 p801 0.000321905
2405 3362 q801 -0.000321905
2406 3363 s801 0.1
2407 3364 p802 0.000489104
2408 3365 q802 -0.000489104
2409 3366 s802 0.1
2410 3367 p803 -0.000800952
2411 3368 q803 0.000800952
2412 3369 s803 0.1
2413 3370 p804 0.000451582
2414 3371 q804 -0.000451582
2415 3372 s804 0.1
2416 3373 p805 1.37053e-05
2417 3374 q805 -1.37053e-05
2418 3375 s805 0.1
2419 3376 p806 0.000315137
2420 3377 q806 -0.000315137
2421 3378 s806 0.1
2422 3379 p807 0.000666794
2423 3380 q807 -0.000666794
2424 3381 s807 0.1
2425 3382 p808 0.000419043
2426 3383 q808 -0.000419043
2427 3384 s808 0.1
2428 3385 p809 0.00108679
2429 3386 q809 -0.00108679
2430 3387 s809 0.1
2431 3388 p810 -0.000718438
2432 3389 q810 0.000718438
2433 3390 s810 0.1
2434 3391 p811 0.000205215
2435 3392 q811 -0.000205215
2436 3393 s811 0.1
2437 3394 p812 -0.00173905
2438 3395 q812 0.00173905
2439 3396 s812 0.1
2440 3397 p813 0.000480072
2441 3398 q813 -0.000480072
2442 3399 s813 0.1
2443 3400 p814 0.000722076
2444 3401 q814 -0.000722076
2445 3402 s814 0.1
2446 3403 p815 -9.89951e-05
2447 3404 q815 9.89951e-05
2448 3405 s815 0.1
2449 3406 p816 0.000447227
2450 3407 q816 -0.000447227
2451 3408 s816 0.1
2452 3409 p817 0.00119573
2453 3410 q817 -0.00119573
2454 3411 s817 0.1
2455 3412 p818 -0.00207572
2456 3413 q818 0.00207572
2457 3414 s818 0.1
2458 3415 p819 0.000791326
2459 3416 q819 -0.000791326
2460 3417 s819 0.1
2461 3418 p820 0.000257061
2462 3419 q820 -0.000257061
2463 3420 s820 0.1
2464 3421 p821 0.000692036
2465 3422 q821 -0.000692036
2466 3423 s821 0.1
2467 3424 p822 -0.000368402
2468 3425 q822 0.000368402
2469 3426 s822 0.1
2470 3427 p823 -0.000827651
2471 3428 q823 0.000827651
2472 3429 s823 0.1
2473 3430 p824 0.000507149
2474 3431 q824 -0.000507149
2475 3432 s824 0.1
2476 3433 p825 -0.00118954
2477 3434 q825 0.00118954
2478 3435 s825 0.1
2479 3436 p826 0.00131068
2480 3437 q826 -0.00131068
2481 3438 s826 0.1
2482 3439 p827 0.00146325
2483 3440 q827 -0.00146325
2484 3441 s827 0.1
2485 3442 p828 0.00069551
2486 3443 q828 -0.00069551
2487 3444 s828 0.1
2488 3445 p829 0.00042724
2489 3446 q829 -0.00042724
2490 3447 s829 0.1
2491 3448 p830 0.000985288
2492 3449 q830 -0.000985288
2493 3450 s830 0.1
2494 3451 p831 0.000361053
2495 3452 q831 -0.000361053
2496 3453 s831 0.1
2497 3454 p832 0.000612069
2498 3455 q832 -0.000612069
2499 3456 s832 0.1
2500 3457 p833 0.00061125
2501 3458 q833 -0.00061125
2502 3459 s833 0.1
2503 3460 p834 0.000216293
2504 3461 q834 -0.000216293
2505 3462 s834 0.1
2506 3463 p835 0.000216737
2507 3464 q835 -0.000216737
2508 3465 s835 0.1
2509 3466 p836 -0.000179797
2510 3467 q836 0.000179797
2511 3468 s836 0.1
2512 3469 p837 0.000828061
2513 3470 q837 -0.000828061
2514 3471 s837 0.1
2515 3472 p838 0.000170332
2516 3473 q838 -0.000170332
2517 3474 s838 0.1
2518 3475 p839 -0.000398467
2519 3476 q839 0.000398467
2520 3477 s839 0.1
2521 3478 p840 0.000359217
2522 3479 q840 -0.000359217
2523 3480 s840 0.1
2524 3481 p841 0.000484338
2525 3482 q841 -0.000484338
2526 3483 s841 0.1
2527 3484 p842 -6.9289e-05
2528 3485 q842 6.9289e-05
2529 3486 s842 0.1
2530 3487 p843 0.000286831
2531 3488 q843 -0.000286831
2532 3489 s843 0.1
2533 3490 p844 0.000425073
2534 3491 q844 -0.000425073
2535 3492 s844 0.1
2536 3493 p845 0.000961438
2537 3494 q845 -0.000961438
2538 3495 s845 0.1
2539 3496 p846 0.000378708
2540 3497 q846 -0.000378708
2541 3498 s846 0.1
2542 3499 p847 0.00105639
2543 3500 q847 -0.00105639
2544 3501 s847 0.1
2545 3502 p848 0.000601021
2546 3503 q848 -0.000601021
2547 3504 s848 0.1
2548 3505 p849 -0.00126821
2549 3506 q849 0.00126821
2550 3507 s849 0.1
2551 3508 p850 -0.00071312
2552 3509 q850 0.00071312
2553 3510 s850 0.1
2554 3511 p851 0.000157322
2555 3512 q851 -0.000157322
2556 3513 s851 0.1
2557 3514 p852 0.000490323
2558 3515 q852 -0.000490323
2559 3516 s852 0.1
2560 3517 p853 -0.00106138
2561 3518 q853 0.00106138
2562 3519 s853 0.1
2563 3520 p854 -0.000701042
2564 3521 q854 0.000701042
2565 3522 s854 0.1
2566 3523 p855 -0.00151957
2567 3524 q855 0.00151957
2568 3525 s855 0.1
2569 3526 p856 0.000145658
2570 3527 q856 -0.000145658
2571 3528 s856 0.1
2572 3529 p857 -0.000342424
2573 3530 q857 0.000342424
2574 3531 s857 0.1
2575 3532 p858 0.00113593
2576 3533 q858 -0.00113593
2577 3534 s858 0.1
2578 3535 p859 -0.000132774
2579 3536 q859 0.000132774
2580 3537 s859 0.1
2581 3538 p860 0.00115631
2582 3539 q860 -0.00115631
2583 3540 s860 0.1
2584 3541 p861 0.000606531
2585 3542 q861 -0.000606531
2586 3543 s861 0.1
2587 3544 p862 0.00147881
2588 3545 q862 -0.00147881
2589 3546 s862 0.1
2590 3547 p863 0.000661856
2591 3548 q863 -0.000661856
2592 3549 s863 0.1
2593 3550 p864 0.00147923
2594 3551 q864 -0.00147923
2595 3552 s864 0.1
2596 3553 p865 4.90837e-05
2597 3554 q865 -4.90837e-05
2598 3555 s865 0.1
2599 3556 p866 0.00115044
2600 3557 q866 -0.00115044
2601 3558 s866 0.1
2602 3559 p867 2.51554e-05
2603 3560 q867 -2.51554e-05
2604 3561 s867 0.1
2605 3562 p868 0.000174044
2606 3563 q868 -0.000174044
2607 3564 s868 0.1
2608 3565 p869 0.000179544
2609 3566 q869 -0.000179544
2610 3567 s869 0.1
2611 3568 p870 -0.00198907
2612 3569 q870 0.00198907
2613 3570 s870 0.1
2614 3571 p871 -0.000162847
2615 3572 q871 0.000162847
2616 3573 s871 0.1
2617 3574 p872 0.000978103
2618 3575 q872 -0.000978103
2619 3576 s872 0.1
2620 3577 p873 0.00107001
2621 3578 q873 -0.00107001
2622 3579 s873 0.1
2623 3580 p874 0.000948834
2624 3581 q874 -0.000948834
2625 3582 s874 0.1
2626 3583 p875 0.000102805
2627 3584 q875 -0.000102805
2628 3585 s875 0.1
2629 3586 p876 -0.000788465
2630 3587 q876 0.000788465
2631 3588 s876 0.1
2632 3589 p877 0.000285554
2633 3590 q877 -0.000285554
2634 3591 s877 0.1
2635 3592 p878 0.000160975
2636 3593 q878 -0.000160975
2637 3594 s878 0.1
2638 3595 p879 0.000972924
2639 3596 q879 -0.000972924
2640 3597 s879 0.1
2641 3598 p880 0.000537747
2642 3599 q880 -0.000537747
2643 3600 s880 0.1
2644 3601 p881 -0.000514657
2645 3602 q881 0.000514657
2646 3603 s881 0.1
2647 3604 p882 0.000446536
2648 3605 q882 -0.000446536
2649 3606 s882 0.1
2650 3607 p883 0.000871476
2651 3608 q883 -0.000871476
2652 3609 s883 0.1
2653 3610 p884 0.00016136
2654 3611 q884 -0.00016136
2655 3612 s884 0.1
2656 3613 p885 0.00124777
2657 3614 q885 -0.00124777
2658 3615 s885 0.1
2659 3616 p886 0.000598374
2660 3617 q886 -0.000598374
2661 3618 s886 0.1
2662 3619 p887 0.000192972
2663 3620 q887 -0.000192972
2664 3621 s887 0.1
2665 3622 p888 0.00026557
2666 3623 q888 -0.00026557
2667 3624 s888 0.1
2668 3625 p889 0.000362088
2669 3626 q889 -0.000362088
2670 3627 s889 0.1
2671 3628 p890 0.00084498
2672 3629 q890 -0.00084498
2673 3630 s890 0.1
2674 3631 p891 0.00040834
2675 3632 q891 -0.00040834
2676 3633 s891 0.1
2677 3634 p892 0.000111646
2678 3635 q892 -0.000111646
2679 3636 s892 0.1
2680 3637 p893 0.0014884
2681 3638 q893 -0.0014884
2682 3639 s893 0.1
2683 3640 p894 -0.00113587
2684 3641 q894 0.00113587
2685 3642 s894 0.1
2686 3643 p895 -0.00124781
2687 3644 q895 0.00124781
2688 3645 s895 0.1
2689 3646 p896 0.000795511
2690 3647 q896 -0.000795511
2691 3648 s896 0.1
2692 3649 p897 0.000762665
2693 3650 q897 -0.000762665
2694 3651 s897 0.1
2695 3652 p898 -0.000709518
2696 3653 q898 0.000709518
2697 3654 s898 0.1
2698 3655 p899 0.000596337
2699 3656 q899 -0.000596337
2700 3657 s899 0.1
2701 3658 p900 0.00018208
2702 3659 q900 -0.00018208
2703 3660 s900 0.1
2704 3661 p901 0.00110595
2705 3662 q901 -0.00110595
2706 3663 s901 0.1
2707 3664 p902 0.000224629
2708 3665 q902 -0.000224629
2709 3666 s902 0.1
2710 3667 p903 0.000324348
2711 3668 q903 -0.000324348
2712 3669 s903 0.1
2713 3670 p904 6.32936e-05
2714 3671 q904 -6.32936e-05
2715 3672 s904 0.1
2716 3673 p905 -0.00135144
2717 3674 q905 0.00135144
2718 3675 s905 0.1
2719 3676 p906 -0.000337368
2720 3677 q906 0.000337368
2721 3678 s906 0.1
2722 3679 p907 0.00104173
2723 3680 q907 -0.00104173
2724 3681 s907 0.1
2725 3682 p908 0.000628025
2726 3683 q908 -0.000628025
2727 3684 s908 0.1
2728 3685 p909 0.000543301
2729 3686 q909 -0.000543301
2730 3687 s909 0.1
2731 3688 p910 0.000696426
2732 3689 q910 -0.000696426
2733 3690 s910 0.1
2734 3691 p911 0.000584735
2735 3692 q911 -0.000584735
2736 3693 s911 0.1
2737 3694 p912 -0.000699179
2738 3695 q912 0.000699179
2739 3696 s912 0.1
2740 3697 p913 0.000677745
2741 3698 q913 -0.000677745
2742 3699 s913 0.1
2743 3700 p914 0.000541422
2744 3701 q914 -0.000541422
2745 3702 s914 0.1
2746 3703 p915 -0.00129632
2747 3704 q915 0.00129632
2748 3705 s915 0.1
2749 3706 p916 0.000789365
2750 3707 q916 -0.000789365
2751 3708 s916 0.1
2752 3709 p917 -0.000379186
2753 3710 q917 0.000379186
2754 3711 s917 0.1
2755 3712 p918 0.000323124
2756 3713 q918 -0.000323124
2757 3714 s918 0.1
2758 3715 p919 5.06171e-05
2759 3716 q919 -5.06171e-05
2760 3717 s919 0.1
2761 3718 p920 -3.74259e-05
2762 3719 q920 3.74259e-05
2763 3720 s920 0.1
2764 3721 p921 0.000121888
2765 3722 q921 -0.000121888
2766 3723 s921 0.1
2767 3724 p922 0.000113274
2768 3725 q922 -0.000113274
2769 3726 s922 0.1
2770 3727 p923 0.00043481
2771 3728 q923 -0.00043481
2772 3729 s923 0.1
2773 3730 p924 0.00125962
2774 3731 q924 -0.00125962
2775 3732 s924 0.1
2776 3733 p925 -0.0027284
2777 3734 q925 0.0027284
2778 3735 s925 0.1
2779 3736 p926 -0.000818735
2780 3737 q926 0.000818735
2781 3738 s926 0.1
2782 3739 p927 -0.000249182
2783 3740 q927 0.000249182
2784 3741 s927 0.1
2785 3742 p928 0.000182186
2786 3743 q928 -0.000182186
2787 3744 s928 0.1
2788 3745 p929 0.000650367
2789 3746 q929 -0.000650367
2790 3747 s929 0.1
2791 3748 p930 0.000247179
2792 3749 q930 -0.000247179
2793 3750 s930 0.1
2794 3751 p931 -5.35295e-05
2795 3752 q931 5.35295e-05
2796 3753 s931 0.1
2797 3754 p932 -0.00172508
2798 3755 q932 0.00172508
2799 3756 s932 0.1
2800 3757 p933 0.000143412
2801 3758 q933 -0.000143412
2802 3759 s933 0.1
2803 3760 p934 -0.00156276
2804 3761 q934 0.00156276
2805 3762 s934 0.1
2806 3763 p935 0.000737824
2807 3764 q935 -0.000737824
2808 3765 s935 0.1
2809 3766 p936 5.40297e-06
2810 3767 q936 -5.40297e-06
2811 3768 s936 0.1
2812 3769 p937 0.000272635
2813 3770 q937 -0.000272635
2814 3771 s937 0.1
2815 3772 p938 0.000572852
2816 3773 q938 -0.000572852
2817 3774 s938 0.1
2818 3775 p939 0.000294248
2819 3776 q939 -0.000294248
2820 3777 s939 0.1
2821 3778 p940 -0.000151238
2822 3779 q940 0.000151238
2823 3780 s940 0.1
2824 3781 p941 -0.000925706
2825 3782 q941 0.000925706
2826 3783 s941 0.1
2827 3784 p942 0.000182937
2828 3785 q942 -0.000182937
2829 3786 s942 0.1
2830 3787 p943 0.000819134
2831 3788 q943 -0.000819134
2832 3789 s943 0.1
2833 3790 p944 -2.00161e-05
2834 3791 q944 2.00161e-05
2835 3792 s944 0.1
2836 3793 p945 0.00094444
2837 3794 q945 -0.00094444
2838 3795 s945 0.1
2839 3796 p946 -0.000377403
2840 3797 q946 0.000377403
2841 3798 s946 0.1
2842 3799 t 0.4
count is 2843
Optimize a model with 1906 rows, 3800 columns and 19809 nonzeros
Model has 992 quadratic objective terms
Coefficient statistics:
  Matrix range    [4e-06, 1e+00]
  Objective range [1e+00, 1e+00]
  Bounds range    [1e+00, 1e+05]
  RHS range       [1e+00, 1e+00]
Presolve removed 267 rows and 267 columns
Presolve time: 0.01s
Presolved: 1639 rows, 3533 columns, 18474 nonzeros
Presolved model has 992 quadratic objective terms
Ordering time: 0.00s

Barrier statistics:
 Dense cols : 1
 Free vars  : 9
 AA' NZ     : 1.081e+04
 Factor NZ  : 2.095e+04 (roughly 2 MBytes of memory)
 Factor Ops : 2.981e+05 (less than 1 second per iteration)
 Threads    : 1

                  Objective                Residual
Iter       Primal          Dual         Primal    Dual     Compl     Time
   0   2.19458864e+12 -2.20584411e+12  4.66e+07 9.06e+04  7.15e+07     0s
   1   1.56246269e+11 -1.66309069e+11  1.24e+07 2.42e+04  2.03e+07     0s
   2   4.43108595e+10 -5.33576366e+10  6.60e+06 1.28e+04  1.12e+07     0s
   3   1.21980669e+09 -5.95544261e+09  1.02e+06 1.98e+03  2.19e+06     0s
   4   8.38326035e+07 -2.75456086e+09  2.03e+05 3.95e+02  7.13e+05     0s
   5   1.30862588e+07 -1.88914076e+09  4.94e+04 9.59e+01  3.15e+05     0s
   6   5.40516828e+05 -2.33714532e+08  3.64e+03 7.07e+00  3.29e+04     0s
   7   2.13930592e+05 -1.04540008e+08  1.52e+03 2.94e+00  1.76e+04     0s
   8   2.25245412e+05 -9.49330838e+07  1.42e+03 2.76e+00  1.69e+04     0s
   9   2.24467828e+05 -6.89742745e+07  1.08e+03 2.10e+00  1.36e+04     0s
  10   2.19990766e+05 -4.27574579e+07  6.92e+02 1.34e+00  9.64e+03     0s
  11   2.45292567e+04 -1.48549807e+07  2.11e+02 4.11e-01  3.62e+03     0s
  12   3.49648084e+00 -7.08276588e+05  5.27e+00 1.02e-02  1.35e+02     0s
  13   4.14514914e-03 -1.07666313e+04  6.69e-02 1.30e-04  1.92e+00     0s
  14   3.39476019e-03 -5.99497664e+03  3.47e-02 6.73e-05  1.03e+00     0s
  15   2.95365229e-03 -4.06115190e+03  2.08e-02 4.05e-05  6.81e-01     0s
  16   2.53801048e-03 -2.18648562e+03  9.19e-03 1.79e-05  3.45e-01     0s
  17   2.28635594e-03 -8.84939026e+02  2.74e-03 5.33e-06  1.25e-01     0s
  18   2.13719532e-03 -1.27104673e+02  1.44e-04 2.80e-07  1.51e-02     0s
  19   2.12545693e-03 -6.28600612e-01  2.98e-07 5.79e-10  7.26e-05     0s
  20   2.11841241e-03 -2.15450563e-02  1.80e-08 2.17e-11  2.72e-06     0s
  21   1.99516863e-03 -5.03942743e-03  3.58e-09 4.35e-12  8.09e-07     0s
  22   1.87060237e-03 -2.79101729e-03  1.96e-09 2.40e-12  5.36e-07     0s
  23   1.14129111e-03 -3.24051455e-03  2.05e-09 1.84e-12  5.04e-07     0s
  24   9.23130661e-04 -1.08357891e-03  1.47e-09 6.82e-13  2.31e-07     0s
  25   7.95982778e-04 -4.56694514e-04  1.12e-09 2.73e-13  1.44e-07     0s
  26   7.58521259e-04 -2.90192664e-04  9.53e-10 2.15e-13  1.21e-07     0s
  27   6.84462488e-04 -9.93013382e-05  8.59e-10 1.43e-13  9.02e-08     0s
  28   5.73419034e-04  7.45840371e-05  3.71e-10 9.09e-13  5.74e-08     0s
  29   5.11780381e-04  2.47109681e-04  4.00e-10 1.10e-14  3.04e-08     0s
  30   4.92084771e-04  2.53595412e-04  2.84e-10 8.65e-15  2.74e-08     0s
  31   4.55394387e-04  3.40446830e-04  8.73e-11 1.09e-15  1.32e-08     0s
  32   4.32875007e-04  3.77934426e-04  5.09e-11 6.32e-16  6.32e-09     0s
  33   4.14710492e-04  3.99481505e-04  6.55e-10 7.37e-13  1.75e-09     0s
  34   4.10698354e-04  4.04547900e-04  1.19e-09 5.38e-17  7.06e-10     0s
  35   4.08761203e-04  4.06760722e-04  5.60e-10 2.22e-16  2.31e-10     0s
  36   4.08191234e-04  4.07412648e-04  2.27e-09 2.29e-17  9.00e-11     0s
  37   4.07896936e-04  4.07762825e-04  1.19e-09 1.15e-16  1.36e-11     0s
  38   4.07837331e-04  4.07826155e-04  1.60e-09 8.53e-17  1.87e-12     0s
  39   4.07837331e-04  4.07837331e-04  4.66e-10 4.50e-17  2.78e-14     0s

Barrier solved model in 39 iterations and 0.19 seconds
Optimal objective 4.07837331e-04

engine exits with code 0
x3 = 1.01155e-09
x7 = 0.000136791
x8 = 0.000136791
x9 = 0.000136789
x10 = 0.000136791
x11 = 0.000136791
x12 = 0.000136791
x14 = 0.000136791
x17 = 0.000136791
x22 = 0.000136791
x23 = 0.0323333
x26 = 0.000136791
x28 = 0.000136791
x29 = 0.000136791
x32 = 0.000136791
x33 = 0.000136791
x36 = 0.000136791
x37 = 0.000136791
x39 = 0.000136791
x40 = 0.000136791
x42 = 0.000136791
x43 = 9.89673e-05
x46 = 0.000136791
x47 = 0.000136791
x48 = 0.000136791
x49 = 0.000136791
x51 = 0.000136791
x52 = 0.000136791
x53 = 0.000136791
x54 = 0.000136791
x55 = 0.000136791
x56 = 0.0707641
x57 = 0.000136791
x59 = 0.000136791
x60 = 0.0220367
x61 = 1.19327e-09
x63 = 0.000136791
x64 = 0.000136791
x66 = 0.000136792
x68 = 0.000136784
x70 = 0.000136791
x73 = 0.0658775
x76 = 0.000136791
x79 = 0.000136791
x80 = 0.000136791
x82 = 3.03436e-09
x83 = 0.000136791
x84 = 0.000136791
x85 = 0.000136792
x88 = 0.00013676
x92 = 0.000136791
x94 = 0.000136791
x96 = 0.000136792
x97 = 0.00013679
x98 = 0.000136791
x99 = 0.000136791
x101 = 0.000136789
x103 = 0.000136791
x104 = 0.000136791
x105 = 0.000136791
x106 = 0.000136791
x110 = 0.000136792
x112 = 0.000136791
x114 = 0.000136791
x115 = 2.8215e-09
x116 = 0.000136788
x117 = 0.00013679
x120 = 0.000136791
x122 = 0.000136791
x123 = 0.000136791
x126 = 0.000136791
x127 = 0.000136791
x128 = 0.000136791
x131 = 0.000136791
x132 = 0.000136791
x135 = 0.000136791
x137 = 0.000136791
x138 = 0.000136791
x140 = 0.00013679
x141 = 0.000136791
x142 = 0.000136791
x143 = 0.000136791
x144 = 0.000136791
x148 = 0.000136746
x150 = 0.000683734
x154 = 0.000136791
x157 = 0.000136791
x159 = 0.000136791
x161 = 0.000136791
x163 = 0.000136791
x166 = 0.000136791
x167 = 0.00459873
x170 = 0.00178073
x173 = 0.000136791
x174 = 4.69537e-09
x176 = 0.000136791
x181 = 0.000136791
x182 = 0.000136791
x187 = 0.0390837
x190 = 0.000136789
x191 = 0.000136791
x192 = 0.000136791
x194 = 0.000136787
x196 = 0.000136791
x197 = 0.000136791
x200 = 2.27159e-09
x203 = 0.000136792
x204 = 0.000136791
x205 = 0.000136791
x209 = 0.00914345
x210 = 1.53856e-09
x219 = 0.000136791
x221 = 1.33951e-09
x222 = 0.000136791
x223 = 0.000136791
x227 = 0.000136791
x228 = 0.000136791
x230 = 0.000136791
x238 = 0.000136791
x239 = 0.000136791
x241 = 0.000136791
x243 = 0.000136791
x245 = 0.000136791
x247 = 0.000136791
x252 = 0.000136791
x254 = 0.000136791
x255 = 0.000136788
x256 = 0.000136791
x257 = 0.000136791
x260 = 0.000136791
x261 = 0.000136791
x263 = 0.000136791
x265 = 0.000136791
x269 = 0.000136791
x275 = 0.000136791
x276 = 4.48848e-09
x277 = 0.000136792
x278 = 0.000136791
x279 = 0.00013679
x280 = 0.000136791
x284 = 0.000136791
x287 = 0.000136791
x291 = 0.000136791
x292 = 0.000136791
x293 = 0.000136791
x294 = 0.000136791
x296 = 0.0190695
x297 = 0.00013679
x299 = 3.08583e-09
x303 = 0.000136791
x306 = 0.000136791
x307 = 0.000136791
x308 = 0.000136791
x311 = 0.000136791
x313 = 0.000136791
x316 = 0.000136791
x317 = 1.67085e-06
x320 = 0.000136791
x321 = 0.000136791
x322 = 0.000136791
x323 = 0.000136791
x324 = 0.000136791
x325 = 0.000136791
x326 = 0.000136791
x327 = 0.000136791
x328 = 0.000136791
x329 = 0.000136791
x331 = 0.000136791
x332 = 0.000136789
x333 = 0.000136791
x335 = 0.000136791
x337 = 0.000136789
x338 = 0.000136791
x339 = 0.000136791
x341 = 0.000136791
x347 = 0.000136791
x348 = 0.000136789
x349 = 0.000136791
x352 = 0.000136791
x360 = 0.000136791
x361 = 0.000136791
x363 = 0.000136791
x364 = 0.000136771
x369 = 0.000136791
x375 = 0.000136791
x377 = 0.000136791
x378 = 0.00013679
x379 = 0.000136791
x380 = 0.000136791
x383 = 0.000136791
x387 = 0.000136791
x388 = 0.000136791
x392 = 0.000136791
x393 = 0.000136791
x396 = 0.000136791
x398 = 0.000136791
x399 = 0.00013679
x404 = 0.000136791
x405 = 0.000136791
x408 = 0.000136791
x410 = 0.000136791
x411 = 0.000136791
x412 = 0.000136791
x413 = 0.000136791
x414 = 0.00013679
x415 = 0.000136791
x416 = 0.000136791
x417 = 0.000136791
x419 = 0.000136791
x426 = 0.000136791
x429 = 0.000136791
x430 = 0.000136791
x432 = 0.000136791
x436 = 0.000136791
x437 = 1.35672e-09
x438 = 0.000136791
x443 = 0.000136791
x446 = 0.000136791
x447 = 0.000136791
x449 = 0.000136791
x450 = 0.000136791
x451 = 0.000136791
x452 = 0.000136791
x453 = 0.000136791
x454 = 0.00013679
x455 = 0.000136791
x457 = 0.000136791
x459 = 0.000136791
x460 = 0.000136791
x462 = 0.000136791
x464 = 0.000136781
x466 = 0.000136791
x468 = 0.000136791
x470 = 0.000136791
x473 = 0.000136791
x474 = 0.000136791
x476 = 0.000136791
x479 = 0.000136791
x481 = 0.000136791
x484 = 0.000136791
x486 = 0.00234248
x488 = 0.00013679
x489 = 0.000136791
x490 = 0.00013679
x493 = 0.000136791
x496 = 0.000136791
x497 = 0.000136791
x499 = 0.000136791
x500 = 0.000136791
x501 = 0.000136791
x502 = 0.00013679
x506 = 0.000136791
x508 = 0.000136791
x509 = 0.000136791
x511 = 0.000136791
x513 = 0.000136791
x518 = 0.000136791
x519 = 0.000136791
x520 = 0.000136791
x524 = 0.000136791
x526 = 0.000136789
x528 = 0.000136791
x530 = 0.000136791
x535 = 0.000136791
x536 = 0.000136791
x538 = 0.000136791
x543 = 0.000136791
x544 = 0.000136791
x546 = 0.00013679
x548 = 0.000136791
x551 = 0.000136791
x552 = 0.000136791
x553 = 0.000136791
x554 = 0.00013679
x555 = 0.000136791
x558 = 0.000136791
x559 = 0.000136791
x560 = 0.000136791
x562 = 2.80041e-09
x564 = 0.000136791
x565 = 0.0366918
x570 = 0.000136791
x571 = 0.000136791
x572 = 0.000136791
x574 = 0.000136791
x575 = 0.000136791
x577 = 0.000136791
x578 = 0.00013679
x580 = 2.7704e-09
x582 = 0.000136789
x584 = 0.000136791
x586 = 0.000136791
x587 = 0.000136791
x589 = 0.000136791
x593 = 0.000136791
x596 = 0.000136791
x598 = 0.00013679
x599 = 0.000136791
x601 = 0.000136791
x605 = 0.000136791
x607 = 0.000136791
x608 = 0.000136791
x614 = 0.000136681
x615 = 0.000136791
x617 = 0.000136791
x620 = 0.000136791
x622 = 0.000136791
x623 = 0.000136799
x624 = 0.000136791
x627 = 0.000136789
x629 = 0.000136788
x631 = 0.000136791
x633 = 0.000136791
x635 = 0.00013679
x637 = 0.000136791
x639 = 0.00013679
x644 = 0.000136791
x646 = 0.00707611
x648 = 0.0774624
x649 = 0.000136791
x651 = 0.000136791
x656 = 0.000136791
x657 = 0.0215415
x658 = 0.000136791
x659 = 0.000136791
x661 = 1.64207e-09
x662 = 0.000136791
x663 = 0.00013679
x665 = 0.000136791
x666 = 0.000136791
x667 = 0.00428571
x668 = 0.000136791
x672 = 0.000136791
x673 = 0.000136791
x676 = 0.000136791
x678 = 0.000136791
x680 = 0.0111248
x681 = 0.000233778
x684 = 0.0103784
x685 = 0.000136791
x686 = 0.000136791
x690 = 0.000136791
x691 = 0.000136791
x693 = 0.000136791
x699 = 0.000136791
x701 = 0.000136791
x707 = 0.000136791
x709 = 0.000136791
x710 = 0.000136791
x712 = 0.000136793
x713 = 0.000136791
x714 = 0.000136791
x718 = 0.000136792
x719 = 0.000136791
x720 = 0.000136791
x721 = 0.000136791
x722 = 0.000136791
x723 = 0.000136791
x726 = 0.000136791
x727 = 0.000136791
x728 = 0.000136791
x729 = 0.000136791
x731 = 0.000136791
x736 = 0.000136791
x737 = 0.0175993
x739 = 0.000136791
x740 = 0.000136791
x741 = 0.000136791
x744 = 0.000136791
x747 = 0.000136791
x750 = 0.000136791
x753 = 0.000136791
x754 = 0.000136791
x755 = 0.000136791
x756 = 0.000136791
x757 = 0.000136791
x758 = 0.00013679
x759 = 0.000136791
x760 = 0.000136791
x761 = 0.000136791
x762 = 0.000136791
x763 = 0.000136791
x764 = 0.000136791
x765 = 2.0087e-09
x766 = 0.0023081
x768 = 0.000136791
x769 = 0.000136791
x770 = 0.000136791
x772 = 0.000136791
x775 = 0.000136791
x777 = 0.000136791
x780 = 0.000136791
x781 = 0.000136791
x783 = 4.41472e-09
x786 = 0.000553457
x787 = 0.000136791
x789 = 0.000136791
x790 = 0.000136791
x792 = 0.000136791
x794 = 0.0212205
x795 = 0.000136791
x798 = 1.42236e-09
x799 = 0.000136791
x806 = 1.56172e-09
x807 = 0.000136791
x808 = 0.000136792
x809 = 0.000136791
x813 = 0.000136791
x814 = 0.34883
x817 = 0.000136791
x819 = 0.000136791
x821 = 0.000136789
x826 = 0.000136791
x827 = 0.000136791
x828 = 0.000136791
x830 = 0.0228003
x832 = 0.000136791
x834 = 0.00013679
x837 = 0.000136791
x840 = 1.50308e-09
x841 = 0.000136791
x844 = 0.000136791
x845 = 0.000136791
x847 = 0.000136791
x848 = 0.000136791
x855 = 0.0028681
x856 = 0.0415587
x858 = 0.000136791
x860 = 0.000136791
x861 = 0.000136791
x862 = 0.000136791
x864 = 0.000136791
x866 = 0.000136791
x872 = 0.000136791
x873 = 0.000136791
x874 = 0.000136791
x879 = 0.000136791
x880 = 0.000136791
x882 = 0.000136791
x883 = 0.000136791
x885 = 0.000136791
x886 = 0.000136791
x890 = 0.000136791
x891 = 0.000136791
x892 = 0.00013679
x893 = 0.000136791
x896 = 0.000136791
x897 = 0.000136791
x899 = 0.00013679
x901 = 0.000136791
x907 = 0.000136791
x908 = 0.000136791
x909 = 0.000136791
x910 = 0.000136791
x911 = 0.000136791
x913 = 0.000136789
x914 = 0.00013679
x916 = 0.000136791
x923 = 0.0406932
x924 = 0.000136791
x926 = 0.00656217
x928 = 0.000136791
x929 = 0.000136791
x935 = 0.000136791
x938 = 0.000136791
x943 = 0.000136791
x945 = 0.000136791
x946 = 0.00135493

*** expected portfolio return: 0.000544125; robust: 2.33731e-05

exiting with retcode 0
